0 0
0 17.1770944
-6605.7116455 -5739.1967662
-7690.7638649 7502.8964914
-5834.0548864 -8598.4233152
-6503.8702784 1585.7118029
3404.7649646 8175.3837704
-4628.5697244 -3938.1835349
-322.1797763 7486.0420113
-1902.2572692 9954.1717122
4340.0241353 -3178.7128196
5245.9894440 -8035.9065506
1574.9670910 691.4316211
1887.7465809 6797.3565987
-7373.9127836 4108.9175081
-2448.6949081 -2856.6682301
-7891.5964137 -7114.1057463
9161.8975725 -5261.5822481
9745.9161783 4561.2821873
-3445.9921026 4824.6087858
6075.8735440 5195.8987718
9639.6526703 -5468.2948162
-2214.9408248 452.0344328
1049.8141141 -1449.2231045
640.1313745 2884.8125023
-5373.5816166 3460.8248407
-7452.3322449 -9962.7703906
1242.0096879 -7973.0644464
9409.1991873 6013.5730091
-9486.8510233 -4643.5403401
-752.8872129 8529.2054499
-6644.8466973 -5872.7701288
2896.3037534 2434.2040665
4870.7296271 370.8076695
-9680.0917163 6276.6146869
5113.5082172 3305.4920311
-705.9091848 -4836.4430841
3493.9506732 -2452.0580529
-1255.2361124 4733.1195944
-9967.3748847 2185.6507357
-841.4807162 4165.2480341
4309.5979679 425.5237521
464.5602448 -7921.6016756
4466.6186771 -8270.7027955
8168.5434420 2499.3929487
-4921.4704378 5727.7748881
4947.3927379 -8798.0837434
390.4494383 7713.0408066
-3381.0613833 -8262.4898429
-8474.9829920 8606.5820338
-1493.5384438 4139.3683661
6910.8478975 -3000.4801272
-371.5853641 -7678.2980780
1780.0869983 -9883.0627288
9388.8148968 5031.2022340
9461.8341067 7070.0923107
-2923.8020311 490.0559223
-626.6109870 6003.0730672
-3946.0271016 7678.3211055
2916.2117548 2824.4085405
-791.8880639 -7993.8187334
4834.1989041 3599.7923119
3069.5660731 1486.8815802
-345.3789831 5912.0449701
6081.2847975 -6269.8529943
1779.7334687 4136.9335751
3122.7124938 3621.4815750
-4598.3486066 -7413.3537848
-8274.2145386 -3929.5103706
5090.6652002 -6146.0193507
-1158.1448856 1701.8690352
8724.8511604 -5076.8124335
-2008.7707448 -8643.4683490
6558.0003145 -2579.5771996
-7456.1071690 3827.4249772
-3339.5110691 2531.2020411
-3832.9010882 9235.7284475
9095.8209456 8707.9932341
146.2925133 3021.0885021
-1481.8189667 6775.1006673
869.3440997 -5743.9478222
-3028.3380679 -9007.5446897
-9547.5306056 -9691.6608765
-5069.3032182 5331.6761405
-5792.9723774 -5977.7314964
-7895.9415365 2725.0628585
-8830.1466806 8145.7418132
-4198.7942475 -5409.0119504
4187.7523472 5288.7092566
-7657.0675040 -2319.0817267
-227.7965251 4586.9328953
-5306.0857862 -6083.8827720
-7324.8412550 -973.3580580
1244.1255155 5430.2316791
623.8408062 7839.4505913
3519.7695575 -3519.5901753
-5458.3633379 6841.6831157
-4366.0821802 -6273.8058271
-8356.0410207 4053.7743815
-6057.7739527 -1070.2316661
-7460.8448261 -9266.8534489
-6152.0130548 3516.4865102
4120.3622020 1114.9053565
8015.9557158 7473.5722907
234.3765026 1150.7706536
-2379.4846933 7498.1400730
-2310.8778961 8138.3669128
-4824.8499535 3938.3565994
-9068.6923406 -832.5290177
-3493.0314254 3129.8724135
-2382.8901531 -521.2847882
-4714.2656723 5632.0957140
-6247.1816020 3234.8835584
5961.1677486 1992.5929735
6003.0433017 8878.8490777
-3469.3479868 -6283.7722312
77.1892252 -2938.0805349
3822.5533235 7539.6999681
-2055.1944747 3262.4814035
-7174.5267578 8284.0267214
-5323.1264811 -7396.5183200
-2084.5592989 5953.2044523
9274.4809776 4976.0380977
7335.3423412 5673.0502897
5919.9484680 -4582.3260416
6514.6397227 6196.9950268
6758.8430087 -2289.9684876
-4209.8492701 6070.1022122
-410.2859271 3722.5879617
9218.3627254 6009.1571808
-8824.7665257 12.3090911
5263.4336142 7513.1602846
-882.0767534 -2966.4186909
-602.5689241 -331.6421222
-1095.3675687 -4728.8805934
7665.3303276 5651.7115179
-4197.4614019 1102.8644235
9900.9668956 4068.3539392
-8415.9051889 657.5074022
-8745.5157120 -6576.5573282
4406.7298517 -2753.3749140
9718.8782564 -731.5759073
4818.1752645 9736.8615292
-3541.8834851 -3661.5447080
-3555.9285900 -4115.6878102
-3449.1692664 -3586.6211297
362.1957582 -8032.4074001
1057.9760588 -8622.6896607
-281.0389194 3481.8297070
-5099.3693121 -6790.7152611
-7861.4458256 8980.7974167
-8563.2207020 8695.1092450
-5319.2946487 -3398.0802968
9664.1425623 -9742.3977073
5137.6005871 -9322.3861208
7561.8677977 -5313.4296328
-5189.0277961 8449.3960068
1164.7799317 -1306.6215299
-7359.4167779 5583.2701951
3058.1122537 -258.0905149
-1665.2838421 3347.0365561
-6169.4612090 -8155.3300233
9396.0964294 5969.2306810
8932.9337994 8382.9681733
3873.7839785 -2406.1971037
9762.3739327 9399.5705816
7486.2209746 -5311.0169312
-7667.6029725 1634.1701202
-7079.3100861 9317.5115142
-4348.4345152 -3824.5869901
7756.9480746 -5787.2691790
-2973.5279597 -2072.5415180
6433.2979331 -187.5653596
-9064.5884226 -3395.4140719
-6048.7872825 6613.9373147
173.8045309 -1901.5504663
5062.8764641 1938.8290964
-8727.7270050 6952.1769248
-2098.5393914 6394.6172971
-3739.6700977 9877.3434440
9989.6362405 -503.0268066
-4890.0040987 5548.4826324
-5712.2900040 5664.3619773
9138.1729775 4196.0433671
-8335.2594583 2267.7212249
2819.5755669 -7404.9390884
-2728.4509547 3942.5369734
-8208.1220647 7722.4050814
-9351.3456647 -3748.7789076
-3261.1219639 -8804.6935371
-6838.8947814 -7771.2788688
-6504.2666293 -2131.8673968
-7803.7214341 -2046.2482199
-5875.2136430 -7080.2849492
-7677.8189206 9511.0773453
4671.9575994 5372.5941608
6864.4032794 7931.4040414
-6893.4291384 9421.9198531
-1859.3122547 -8630.4685846
4471.9260855 -8330.2192416
-2084.6387906 -4895.8234815
859.6038211 -8126.5219770
5005.3070624 8859.0862156
199.6022073 7798.3285302
-7181.2211979 -5926.4430783
-6546.5618405 2985.2873482
-2412.7115047 1519.3277065
6496.8112910 6538.1777513
-4051.5305018 1396.4604745
3473.1925296 9901.9738636
-1062.2286092 -2029.3289363
8244.7045029 -52.6266791
-9365.4100831 -2328.4196038
-1783.4476689 638.6441423
2351.8696546 4026.8207150
7616.5557336 -8315.7151327
-5248.3417781 8353.7260867
-8102.5661503 3714.5918981
5651.7946097 9889.6288363
2399.7827423 -5292.4783535
2609.2821927 839.8739514
9573.7993399 -426.3960709
-9554.1547673 7550.8636707
-3226.0653787 -8262.8835519
-8891.1198369 -7762.7611294
9986.5326920 2005.4664956
-8100.7100046 7772.8224306
9949.7300603 -4133.0016982
773.2754675 4941.8207652
-7759.5718218 6760.2416213
-2300.5057880 927.1636617
-2009.8169620 3883.9217096
-6250.0838552 8600.3912275
4533.8636425 -6619.0334700
-5648.2736572 7634.4457795
-5249.8795077 9860.6280832
7480.5673359 -7557.8190122
7498.6276612 -9537.4726637
-632.2957677 8490.7654613
187.9221450 9940.8167602
-5.4010766 5289.7476216
-2184.0246489 -8505.8688575
-7264.0937896 1951.1698019
8413.0241939 -733.7387054
6267.8369426 -8689.4944937
6425.2764488 -3601.6090287
6286.0776592 5369.6178274
-6057.1787330 -5260.9946517
-5171.9727743 5898.0734763
5295.1366823 -6388.9493895
9071.6153030 3334.4583574
-630.8629616 306.6791360
-7233.3612592 -741.0868789
-787.5298980 -9140.0461696
-9504.0103113 -1489.7892336
2905.3616555 -9682.7248400
-6385.5909367 -3779.2268079
-5320.8799963 6698.9785365
640.1190314 -6498.2441221
3796.9523178 -4232.5755231
3457.8937279 -3106.3042518
9692.3701310 -3868.9911276
-8914.8002617 8089.1700658
8998.9584779 -2616.8295724
3720.8841672 5226.8043997
-2460.3502413 -8026.8129074
837.5984243 6140.2663912
7780.1426385 2864.3066466
-1124.9893760 -5812.7894000
-1682.7781517 -7859.9328049
-933.1732181 -3027.1974760
4733.3151404 8195.6997522
2066.4159885 -7207.0285216
-3375.5564316 5638.2991008
-2934.8904571 -3877.8004534
-6201.0210385 -4985.5306383
-7572.8541041 3542.6460055
-973.6535497 -5680.9562695
-5070.2487472 7282.8205475
-7588.7470875 7843.2986181
-422.1234420 1082.8423255
-1184.2440350 -1994.3797626
8651.7942953 4994.6112307
2022.6913656 7093.9414485
8949.2069965 -4229.9765845
-6440.1931280 4070.8042387
4805.6988426 -7249.9193178
2669.8062587 9421.7408900
-3633.2763669 -8123.8264338
8370.7629122 3896.8830468
8929.2164086 -8843.1778415
6741.2796650 -8255.5279073
-577.3716624 -89.8156154
-537.1895005 1878.4268684
-9623.1642699 1806.4167687
-2034.7428050 2866.1622110
270.9551319 -2769.9615304
2146.1729085 -3868.0921679
4099.7603715 2688.2913923
6076.5343752 4031.1538030
4973.2611399 -557.0345721
-3850.4964861 2577.0586615
-4596.2307596 -9473.5854777
3462.0129723 -1464.8126558
6357.2996680 -5923.0770448
5760.1778551 3500.3041754
4907.0060353 5857.2065439
-6402.2704240 -7645.6959792
-6003.8771054 -4197.2076372
4095.4264575 -2214.5157425
-1714.2302699 3099.7177337
1280.4817968 -3083.7489013
-7287.9196543 2309.7571973
625.3029018 -606.2875322
-1919.8762735 -465.7862998
-3276.7192084 -9715.9010604
-7981.1379174 135.5958312
-1211.4108315 2261.2770942
-5957.5827829 924.0813387
6803.8168050 -3298.0871385
-8242.9733490 -9550.8402810
6070.1600927 3208.7276778
-2898.8844453 9402.3030093
2272.7088269 -3269.4540551
-5491.7311854 5629.7315419
-5343.0379422 9155.9003228
-6401.0759434 -8021.3985863
-9087.2150108 3336.7088462
1015.6617297 3027.5931798
-4434.9917829 3724.1453857
3937.8912232 7230.8016583
-264.1781939 -1867.2219827
5019.8759397 4010.7019077
-5284.3251705 957.5127625
5317.5684703 -125.0861104
5170.6422406 4906.8434178
-8596.0763236 -6779.8896849
4851.0024526 7318.3304319
2338.1563206 5530.9980497
2701.0976961 5757.2779216
-8970.3876786 -5489.2226566
-4716.6619690 -1497.1814833
2592.5264215 9219.2954405
-9668.7225117 8883.4026665
8708.5704693 -2642.3172373
-4001.4804419 -6254.4536860
-1623.3960926 -6017.1334249
-7794.1057162 1978.5924161
-9621.9602067 7430.4677393
9738.4833074 8200.6614855
-9017.6900453 7106.2895446
-3279.0531925 9590.7774424
79.8763268 5871.5017640
6386.8313244 -7856.6697313
8128.9523051 -5017.0408522
-7986.8145510 1342.8663048
-8365.7089499 1383.6170964
-7701.3789206 5440.8295840
9712.5768561 4111.1200063
-3664.1012952 -1441.8380323
-8743.4129067 9816.7344089
-7127.1212437 1390.6087446
-9593.1860905 -6309.2314965
-9781.5717739 2677.6409600
-6539.6531839 -5633.9393741
-8199.0541398 9100.2756191
-6301.1768796 7423.0935803
8344.1204539 5007.1438573
-9651.7485437 -8000.4073979
-7408.5826327 7565.5271747
-0.4036817 2572.4158964
-8901.1014542 2896.6850335
-4402.2422362 -4978.2374314
-2889.1450848 -9422.6264944
-5588.9526094 5653.9705113
-5511.2539311 -5446.8538610
3585.6507664 -3364.6945973
9761.6356831 -2087.5389480
-4379.8188747 -3108.6870041
2205.6427726 5974.7841814
4308.4328442 -1924.7992448
3046.4823711 -4596.7591356
7209.0613324 3624.4418042
-7970.2754831 -7354.5591898
7722.4197920 -6289.5642315
2877.7028040 -1707.7917493
6028.9850001 3491.4477204
-3956.2473250 1747.6104542
1638.5503602 8174.1618448
-6561.3059235 -3749.5203702
852.5050667 -7197.7837525
-5481.9475266 1867.7647123
9223.9464655 2806.3084909
257.3040256 -5936.9227548
-6913.9896272 -1169.9385449
-6337.1402017 3399.3730293
-7598.6568108 -2652.5459945
-9498.4928937 -770.5770409
2491.5807293 -5000.2691026
-8056.7969604 5234.5336466
2082.5501098 8320.1497648
-2325.9771664 3582.9870353
-3906.4487916 -139.3229673
-2424.5565989 6957.0818141
7349.1359125 109.6042701
1794.6864526 166.5229032
-7555.5019063 396.0353072
-9814.9089733 8708.0956777
7859.4881516 -7217.8632211
8362.9391005 -9129.3738907
-5460.9691029 3479.1185756
-7508.2329455 -8621.2498845
-6670.4196625 5209.4608100
-6209.5456744 -9859.1213353
4112.1154153 -8043.0589696
5961.5615810 -4782.7747097
417.3744385 4292.0388601
6269.2567560 4014.7097498
715.8274044 6692.2846867
3200.5476132 -1815.6341255
-2714.7285398 3529.3996955
8832.0185597 -3094.6845276
-9382.4884036 6052.0733193
6033.7855889 -4722.9531389
-3885.0350832 8968.1504605
-6240.7778446 1058.1061656
-6660.0845186 9127.5042058
-2094.2677683 4489.9646075
2269.5344247 -8146.7548756
-584.9691236 -8836.1926716
5917.0031271 -8376.3763549
2177.9760271 6817.3225106
4912.5231413 -5557.6043883
8260.0205206 -5615.8956036
1654.5072323 286.0000493
6397.3483373 5794.1690801
-6919.5791946 -6320.4094399
-5719.4066796 5120.1172527
-2930.1576921 6921.4135544
7025.5775777 -8836.0225734
8825.1740330 -9764.0331126
2520.5581131 7733.8477630
2177.3062839 1135.0406528
-1140.0834386 8061.7023965
-4110.5753205 -3546.4065854
9427.5701451 3052.3885822
1362.8589591 -4089.1521496
3353.0373941 2298.8683418
3332.0801167 4710.1313154
9290.8904324 -5629.4073116
-4833.4495198 8908.9635506
4033.6929989 -247.7454816
-5817.2044175 -3159.7441990
-1098.1176392 4403.5182266
7781.6474765 -4035.5619002
932.9366695 -6197.2359673
129.9036907 5203.6332065
-1108.3922848 5521.7186263
9825.6969211 6423.0237794
-2659.2290100 4717.6678928
9980.1616246 -3756.9833475
-2919.4290905 -4935.4695394
7024.7544818 4896.4127848
-581.6358965 2334.9990287
-9366.5812276 -4059.0819805
-4544.6197542 -9901.2256474
4953.2087274 2112.1608913
750.0621767 -1859.0649222
1593.0690424 -6153.8850480
-22.9754584 3950.4084121
-2471.8532521 -256.3092016
9580.1036138 6068.2322547
-7089.3859608 -2350.6770766
-4689.2402715 -6574.0894576
376.2831132 9796.2049746
-429.4257513 -8211.9007760
-6078.5939009 9572.1469493
-8183.6413697 -8064.1362924
3023.5768399 1216.2793326
-5194.9262283 3672.8920658
1759.3731653 -319.7070655
4796.2995138 -8600.2125210
-8653.0948198 5924.1201772
8531.4998439 -6044.3616837
-3825.0790853 5088.0923523
-5142.7192858 4932.5923180
6515.1320872 -6994.6647543
-7886.7941822 -587.1279251
3160.0074146 179.2124454
-3383.2483768 9037.7186721
4258.0753016 -1556.9663025
6336.3316397 5147.7981293
832.4217316 8668.1326596
3925.8198482 3159.1646437
2564.3370290 -6563.0493066
-2416.9481177 -2778.5434880
-3203.8534115 8510.4192719
-9693.9068073 3146.0006680
3934.8146351 1294.2774904
491.2492321 -4971.1393767
-7262.4410701 6299.1117878
-3506.9980519 -5345.3453799
-5614.7288253 3277.0531756
-4204.5278859 -6086.4342495
-6593.7832303 -7623.2617342
-8196.5029410 -7557.0084778
-583.6865293 3036.3301990
8365.9189714 -2195.1585458
9658.8490421 7456.9574507
6881.3740042 -4894.1056057
-2506.3857588 -900.2075991
10.5243661 -2999.8698583
-2009.8614967 -9665.5070315
8830.2745936 -3891.6241782
-7916.1816408 5318.5409883
-4353.0292077 6785.0501266
8197.9466897 7118.2542075
5157.4507378 -625.6040123
-8463.0094722 -97.2607033
-5587.8919879 -3797.4221470
8139.5777293 3151.8683515
-3243.7192757 6880.7933683
5316.6107490 -5829.5406692
6358.3406396 -6758.0530804
-324.7452164 5944.3126209
-2390.1867397 6438.4707000
-8167.9847909 6793.6750659
3978.4578885 5968.4344982
5590.2082373 -4640.5508847
6783.6129792 -376.6020956
9849.5265019 -792.9918297
7827.6247033 420.7810395
5641.1274866 -9389.4476967
-8601.9483388 -3876.4937057
-5995.3524698 2089.1395675
-5792.8994478 -8869.2260039
-9399.4994524 684.1030423
-8414.7003316 9272.9980522
2975.8409315 4102.1030072
-6027.8494021 4845.4896199
-3192.9151009 -1561.4829316
8494.0555011 -6586.2698196
-5714.4489848 2620.5678837
6968.0319022 5795.1273881
1185.3107081 -3945.4451279
-1433.3279275 -9556.2728640
-8477.3504847 3974.2851233
-8124.4635168 -1099.3822241
499.5305312 -567.0787484
-6833.3841798 4825.6279830
418.9450269 3317.4810581
-7247.3464611 8606.7995044
-8867.9653889 -4546.4872638
-1125.1104431 -1669.9547497
-3936.5338645 8457.3825949
-6663.4983215 5141.1819295
-1353.0764299 -4783.8965901
-4621.8171992 -3797.9492578
5543.9164897 -9431.5237151
4576.6930643 2164.8551795
5291.5079492 -5271.3487446
6251.3187169 -1229.2148605
3385.0617336 2799.8384170
3055.9543867 -6811.7113024
-6994.2735873 -8025.3655368
4606.2095342 -7243.9664733
-320.3717080 -3358.0893219
4878.0967256 9006.9141431
9545.9657573 -7819.4360111
-7330.2518055 5540.9615548
8829.6153117 -5422.6964919
-9547.3861758 6282.4035702
1046.6409902 -6464.3801760
-9038.1082454 -6970.9831056
-1534.3726390 -4693.7114534
4542.3964909 -982.3115011
8755.2919347 -1840.2175938
4303.3403237 -4980.3192305
573.5055816 2117.1463287
-6258.7547854 1770.1317913
-6768.0686394 3741.4476022
-373.8908293 426.4490662
7209.8884362 9582.0861076
-3771.5152233 920.3538869
7114.0640765 -8146.6413645
8282.7774342 3956.9456455
-9180.9644049 3917.7585069
3037.2249075 5446.7784768
-1252.6059030 3718.0434120
9863.5627892 -2676.5254583
3125.6139534 -900.9262984
8405.2039144 -5168.8509624
-9559.6534784 2825.9155213
-7972.2489593 4304.5218387
3446.6668244 -8951.1688876
7685.7413424 9349.1393056
-7734.8764946 -6401.5830483
-3509.8171684 -4989.5010881
-1383.4019172 -7204.0511968
-7699.1289666 9665.2365475
-1155.9769268 -442.8077578
1474.4471331 9362.5466553
1999.4585786 1233.1767699
-894.8875598 4795.4796291
5880.8004940 -3397.7615369
3309.4225551 6935.8335286
1671.8984479 -3595.9175360
-9947.3882221 5832.4203618
-9568.2544256 -3672.4472960
9000.2883204 7499.8454252
-790.5174079 9318.5455290
5952.4872701 -1827.8037414
7283.4657007 -5365.6307133
-5701.1704843 -1890.4922363
2705.3251142 -6251.6704222
-8015.3410716 7661.4905718
-1898.1060139 -1173.3412863
-7980.5621759 -5833.8522881
-1898.5264363 -2962.2785603
2424.9674279 -3426.2297491
-9127.1421723 9814.9968085
-4884.1155986 -3142.5966849
-7995.5851411 8009.3495671
457.5496203 -2639.9285904
1492.2828803 -3198.5029449
-3825.1426385 6628.5200181
505.4792563 -7550.6433816
6431.7812942 -5555.1829701
3537.6010387 8149.7498509
8071.3437199 3315.9158496
4271.4138427 -6440.0600486
-9766.5591303 5738.7636627
6773.6106445 3514.4895550
-5393.9049797 6385.8447727
1424.2881788 -496.1753100
-8897.0308660 9166.5959003
7290.6798589 4396.5843002
-7553.7342625 -7168.3839326
8366.4918927 9497.1134645
-6425.7039313 -6530.5355086
2590.6155234 3240.7734404
-5652.9325296 5756.6177552
522.7108077 7478.0601024
-1693.3673570 3553.1456157
8927.9936165 2273.4148411
-6073.4351251 5189.6506889
6750.8032582 187.3283626
-5540.9621545 2155.0968638
-2977.1725872 -8588.9661788
-2184.3141911 2390.0420636
-5564.6631865 -74.9939341
-2113.8353819 1639.1068375
5185.3719391 3896.1394296
7885.6541061 -8145.4534445
-7117.9293954 6846.9675235
9961.0559388 9538.7426504
5295.4076628 -4930.8653604
-2592.0524797 3481.7819308
-5458.3563911 4699.4704564
-3789.1152158 -2451.2121713
406.6296709 -4643.8426057
-9097.6089611 -215.2702172
-6158.1527869 745.9228874
2776.8100081 7035.6493914
6552.8995832 -8724.8550140
1123.0832484 1600.7213199
-2053.3693571 5086.8014486
8638.4803507 3589.9172191
-1095.1378576 -7911.0524778
721.0491322 1546.2857533
9472.9809770 -9835.9853040
7341.9966430 -658.1763503
9601.1090765 -2937.5473901
-482.4448290 -4155.3185799
741.5172482 -5199.3987161
-9404.4920404 7713.3951501
1367.9297288 3441.6998514
402.2896250 -9745.8145163
9375.8058564 3991.5885704
7224.3733155 7414.4749165
4765.4050015 -5551.9096319
-2383.8430415 -5573.9069462
-511.6069549 -2242.1679878
-911.5454388 -5110.8659131
-99.8026768 9899.3895860
-5829.4938114 4684.8282528
9895.7939546 -8563.6670302
2415.1485207 3253.0219207
-643.0681253 -3107.9031295
-9343.7586740 4630.1509129
-4487.3047472 -6007.3085628
-776.6047781 1839.6379339
3685.9209454 -2319.9572606
-9537.7356145 -2398.7992029
-2456.6206469 3100.3978057
-5806.6120720 4316.7875018
6808.7902574 7230.9053562
-740.0923847 -5193.2489569
-219.1501962 1851.3595492
-1771.8928474 4723.5046407
5093.6060956 -6694.3597526
-2403.1632920 6042.5680433
-9653.1957062 893.5850575
-9143.3466175 4989.4924326
2737.7378619 -1320.5476992
-9178.5163763 1133.9854565
181.3135769 -5862.4070572
9025.3512633 7261.0111581
3176.8792072 -431.5711699
3915.2381204 -3809.1206877
-1929.6216618 7711.8490530
2030.6871645 6825.6863815
3674.6832347 -4388.5887728
-9623.1798395 -8071.4205310
-8322.4996334 -9429.6856716
4563.9097745 -79.7242120
1143.0695719 -3010.2974871
7802.1760788 -7425.9572332
-5691.3544985 -7934.3295390
7842.3228297 6067.9089489
3098.1389083 9982.7255464
-1580.7375825 919.7484911
-7380.6418795 9040.8942207
3377.3833456 5426.1792130
119.3351380 -7691.3234418
508.3388065 97.3685215
-208.1117838 3553.0778780
-9077.0617852 2727.3953166
1095.5715899 -6509.3161515
7302.1388412 1747.0035050
-1258.7751030 5076.3207681
-7504.3974703 -7643.4617094
3369.5585179 -1438.1548727
-3763.0510958 8775.2060050
-2836.9986038 -1391.8194650
-1465.7629043 5814.1328217
6972.7832498 -8367.1060907
-2487.2744833 5641.0812603
8683.4094543 4443.2441597
-8433.8055453 1284.9891988
780.2962437 9705.6483474
3710.9457580 3174.1734614
-11.6792237 -9039.6990989
-5617.0073821 9029.3328291
3623.7885085 -7510.3072467
-5438.1996298 6067.4584716
6621.9376259 -4063.7979006
2082.6567074 5029.7941750
-9360.0686716 6205.0423588
-2335.5557181 -8890.3391662
-1257.5333425 715.2917519
655.3663970 4639.5973167
5333.6007358 -5265.3170913
-7558.8449121 8221.8272284
3916.2465509 3408.9891610
7157.5599949 -4982.2609360
-3011.8663630 -8402.8748599
-4155.5445760 7833.2122149
1191.2312443 -5883.0779151
-7539.9088791 -7518.0476536
7977.2481903 8033.2350279
1871.3842967 -5281.2764698
9325.3715094 8585.8587319
9169.6035686 5326.0834329
2987.9389155 8937.3564580
-5256.3825844 -5403.3079416
-3459.7825265 6369.6027408
-9403.4527263 -6179.7258571
-2115.5375930 -653.9790911
-4443.1843330 -7731.7302331
-7979.0853039 6771.9915881
-9405.1885406 -7368.9505905
6066.3439910 90.1346887
-8664.5362983 -3734.6806540
-7082.0836311 9627.7195612
518.0270148 -7448.2575864
7916.6804216 3338.7121478
-5360.3700975 5931.0567313
-8225.5874679 5726.6651789
4517.2849451 1065.6731008
6642.7912265 9834.9580090
2681.9116142 8260.5942440
9409.0082822 -7413.2256119
7107.4164395 -5225.1419888
-3513.2842118 -5013.7523839
-8821.2427056 9541.5369001
9822.7087188 9003.1693166
-9090.7982969 -2328.3799635
3164.9401530 6541.1576346
2025.9876787 3004.3066549
-9671.5220366 -3755.4140271
-380.7106055 4932.6984626
-5267.9395664 8093.1647746
-346.7194553 -5966.4847589
-5213.9218895 -5009.8221690
-4616.2100974 4327.1678881
-5995.6472730 -7773.7909582
8264.0247518 -9222.1034601
-743.4005482 -9317.9223048
7539.0330858 -6262.4344249
-3209.3475829 397.9865288
-5443.6990961 -9806.3043500
3653.0702026 -8598.2583263
-6067.2163170 -1655.0117562
1089.8116890 7412.2718772
-5931.0179027 1583.8406084
-8332.3072961 8441.7780116
7709.7912586 -1191.0844454
-834.7617885 5600.4579397
-1084.7778826 6567.7598321
8066.2199359 -1679.8415859
-5948.1427298 -3636.7978001
9631.4208229 -7489.8287126
-6957.1348874 -421.8315481
6180.2890394 6336.8441428
3517.4953092 1818.0165313
-5913.8673674 6837.6195186
8737.7245754 -6792.1522227
-7915.6354614 -6397.3835736
4105.5154138 -4410.1533734
4176.8649745 2912.7317814
7872.1925251 -1108.3167010
3203.2648052 629.5754097
238.3267824 5996.6203226
8847.0390686 3704.9709505
-7326.2797660 -6045.9669912
3539.8557383 6259.6143463
8091.1089190 9281.3060333
-7387.7415185 9797.8835054
-5890.0190221 9436.6718928
-7385.7795361 3151.1144671
-565.8279538 -8325.0437350
970.5162904 -605.5605683
8732.9832087 -167.9036361
1517.8955247 -5397.1400258
-1289.6301361 -9873.1273561
-2472.1214647 8654.9038874
4342.9205969 -796.9067048
2199.8811364 -8382.1432670
3272.8023278 -4705.0512019
-3562.4031856 -1932.1590384
8303.5347930 1972.1291200
-1621.4249461 7613.8438005
-1551.5132196 7269.9409506
-4350.7940012 4181.5872063
5546.1818282 -49.9881329
-4212.3890324 -48.4289330
-601.8207201 -5192.6878153
-1317.5527678 4841.7376171
5108.5352366 -8288.6273991
7237.8928293 -4611.2714794
7142.1180343 -8721.8847119
5610.5171288 8983.8977697
-7500.9740286 7152.7622695
-5252.9809530 8103.6264649
-4524.7445357 995.3479070
603.1707141 1442.2873652
8092.2122200 7364.9561404
-8568.7680058 666.9701711
-3976.0996999 1999.9589529
-8789.0297923 -2234.7832483
-4293.1716440 -6340.9844649
-2872.7931802 4566.7555207
5812.4196766 -1356.9400510
3595.1549790 -6159.3040925
-8622.6546107 5071.3476072
-6842.4713296 -6606.4824859
5709.2125574 1105.4345082
-1956.1112129 -6445.8263542
-3046.4661294 -5935.0594028
-3652.8606273 4072.3502269
641.6794789 1523.8644041
-3718.1292255 825.7629340
8181.6756209 -5955.5934452
-5351.7838507 -9200.2299451
9133.2022246 1536.6348763
3214.6914858 1290.9079533
-5174.6808241 -30.8865833
9538.1607998 -3370.2620341
-5532.6004698 -9381.8931964
-2875.6424563 9012.2865782
-31.9919697 5745.1741361
5654.3963965 650.4572337
-2857.6849618 6427.8239045
-3085.3488417 -9503.1315925
-8725.3127644 -2911.5032068
-7553.5514334 4501.6008473
6903.0826206 3753.1332626
-2977.5695727 -6737.8773978
-4023.7187696 5536.0904401
8935.5574501 -6857.2338241
-9837.9233839 -345.7664870
-1246.1312313 4632.0373194
-9386.3494749 -5633.6574482
-8349.1734970 -214.7112306
2232.8183933 -6520.5162894
4032.8848441 6963.3019207
-7092.8065453 -8860.6028869
843.4278125 -4217.9688716
-9590.6748715 2412.8750258
4558.0652758 -3840.2684216
7406.4047603 -9271.6066151
2512.2787434 9520.9087605
819.7751778 5018.1706556
7962.5896977 -9894.7649613
332.6913120 5183.7593119
-2739.8935317 7009.6656458
6876.9700717 27.2044697
-7483.4073203 6919.6951876
660.3600077 -5735.6893644
8213.0458895 -9730.8681976
9305.1103349 -6426.3694483
4235.2153187 -1344.4328258
7948.0486928 4712.9996255
8623.1179009 -5892.8895040
2660.8882976 1765.4062498
1581.5866642 9258.5345065
-8984.5228791 1342.2613430
-4514.3802953 3044.8304979
-256.3503166 -2819.8994903
2434.7704279 -2374.7014837
2618.5455037 -6781.7630955
221.1224570 -1065.4643593
7254.5052746 7129.8694347
-9974.6568320 -7154.7091952
-4338.3323155 6290.3881409
-3693.5696058 -2133.2529678
3525.9401710 8244.6531933
-9184.1343721 -376.1834913
-1306.1459424 7857.0345308
7768.0292795 8838.9615034
4493.5534822 9079.2788629
-7451.5806716 8501.8955580
5019.8870436 -3197.9694957
7111.2683968 -6226.2043102
-3224.7886778 -6203.8539839
3817.6438711 -4618.8466729
3785.5266451 -8321.5868137
-8807.1409149 4148.9878366
-248.3617803 -1723.2394082
8095.7157105 4151.7547957
1786.6677082 -1823.8857539
-8347.5937989 -6833.1499980
8449.1532892 882.3618816
1677.7112176 -6762.1694314
9593.7675556 2632.2588562
6317.7819825 8776.8214057
5230.2442168 537.4442821
8278.1853679 -3232.2654743
-1830.6436056 -3812.6796160
-2222.4835284 5293.4173818
6317.7902853 -9764.8396330
-1497.3465214 -9279.3572904
6546.6523382 3818.6369929
8394.8811203 7503.6697367
3642.7151052 -6153.4392031
1724.2277158 4686.0090080
-9914.4422189 -3227.4365175
4987.8814575 -8658.0343735
5692.5824775 8522.7892999
-3798.7707093 -1199.5131699
-3982.0152047 1455.4244987
3953.0018052 -4031.9562511
-7834.7732946 -5376.2671424
8811.8898477 412.5700664
-8373.9372486 4327.2896640
-7780.3730893 -183.5303326
8619.6345405 -1334.1585305
-7954.1901278 -9933.3904890
5445.4154841 5728.9722490
-8670.1357117 9214.6067777
5014.2136098 -9829.0205972
-5544.2185231 -2241.4551700
-331.2285180 -4527.6102950
4850.4457959 -9301.0786647
-914.4244638 4801.2410545
2866.0954599 5824.3491309
6346.6597340 -5761.0840315
-3002.2618505 9757.0337856
8992.6980163 3251.4142933
6483.4131791 5022.2175446
5192.9436999 -5906.7713539
-673.4905508 5880.6995724
-7820.5198896 6683.8242221
-1711.6120998 -9090.6407977
-33.9575635 6389.7494733
859.4899776 617.3355207
5563.3074397 4451.6689031
-9145.6279385 669.5439168
3040.5545635 8117.3928826
9303.8035334 5474.4071439
-2727.6933920 3635.1503253
-98.0716940 2310.3663700
4650.3585665 -959.4998763
-6180.9132311 -6947.7293535
3651.2594895 -4528.0866570
-9563.6628627 -119.3229689
7978.1265655 2284.8957191
-7693.9965142 -3261.9156003
7700.9954906 -2199.8732762
1360.2728342 4383.5540518
-9887.1898539 5628.0130661
