-6851.2355819 -1694.8829047
-6511.4097928 -5340.1781809
5157.1757051 1379.3838078
-1377.6576711 -3170.3883052
5100.8652030 -9939.3372439
8054.8541153 -1165.0834803
-2444.5050128 7359.7157687
1547.0593314 -7334.2229893
2407.7059510 -7443.4425686
-8592.5849920 -9826.4949914
6770.4588018 7889.0361160
-8870.5601728 957.4689589
8231.8600703 7626.5540497
-5109.4699629 -2657.9647143
726.1657613 -9713.9638940
-426.4106992 -511.8108756
1504.2136415 -3150.5528770
-9144.1902295 -1257.0408849
1380.2909146 5610.5902487
-8108.4262196 -383.4089545
1681.3484282 8687.2087734
7697.7858395 -7793.4906270
-9501.2928974 4329.7410433
3799.0984155 -6011.7661114
-5823.3696206 -3024.1526232
9806.0061440 1929.7336945
442.2290700 6829.2199875
-653.2637263 4773.9557207
-4790.6371286 -6072.9481693
-4021.1515523 2738.8153238
-5067.6423523 -3736.5037170
-5521.4947008 -8408.4209462
5341.1873371 -665.9946778
9680.6002241 1054.2944776
-5453.1163387 419.4729828
7274.1472569 -7853.7486620
-2706.2587695 276.6469152
-6775.6284030 -8801.0235512
-4370.0051443 -5355.3644339
890.8493839 6924.2570878
-1410.3946828 9912.0533565
5879.3155046 -4780.8102116
-464.1636850 -5626.2480938
-7621.6003023 7860.6318401
8037.2725069 -3240.3315099
-1962.6049711 8454.3259137
6350.3359551 -6429.0643504
1975.4272446 2240.1432329
9012.0219051 1398.3922888
-9828.7122241 2088.6906952
5812.7572335 -8520.8479009
-5964.4129312 -6302.0951611
-2531.7181384 8675.5449840
8580.8178949 -2634.2426243
-9201.2916060 -4802.4100705
3564.4824084 5250.0317850
5234.4792282 2549.7569598
3370.6624102 104.2912381
-5491.2016070 480.3379292
3422.3342032 3560.2027670
3091.4937559 7397.8378742
975.7104193 7724.6572470
-1987.0067233 9981.1297638
3097.5273939 -9115.4948547
-9466.7205258 -7792.6896088
1756.4234941 -283.8034833
8228.4641455 7517.2151202
7371.7926759 8575.0686154
1240.5550853 6400.2128175
2818.3953599 1816.1447375
-3757.0727275 -3610.6319306
6804.6428188 -7618.1085009
-8680.7885550 5088.6087004
-3569.8727600 -1939.8244018
-2008.5588681 5434.5024944
-7244.6219511 -8513.7148987
7589.4541706 7460.9478505
6499.7233971 -9648.9321634
4268.5109185 514.6067547
855.2764079 -6213.0808775
7282.7133316 2160.1135041
5535.8474043 7844.0297039
-4698.6612753 -8210.8098692
-242.8350135 -9263.9242447
-6321.3637808 -3743.3456023
68.1853622 -3704.4509503
7521.9613070 -7290.7473645
-2586.3833918 -6559.4386259
-6597.2859280 -2583.6220234
-3027.7480702 2455.4556955
-8673.4515572 6387.9313925
3916.5137253 -7527.9505877
9745.9965203 -4228.7904745
-2581.8188599 -4381.4072246
-5219.4855839 -9404.4641172
-1360.7095347 -7489.9390389
128.5097156 -8889.4192191
-6517.0302724 -3448.2500426
-4978.9055086 639.8737886
8713.7407228 -7106.3958201
5773.2758237 -1885.4914187
6369.5705323 2238.2392004
-8710.3202812 -6930.9066758
7230.5365710 -4964.1258850
342.1801126 -2252.9015362
-2009.2590165 5896.7261402
-7020.4912621 -6549.5780880
4643.0169718 5449.4055745
-8984.1458599 -2354.4119885
-6787.9122178 5750.2222140
-3012.4171331 -6729.7429717
4827.8119958 4085.3062381
-5129.1913280 -2396.9066272
-1587.2960263 -724.4690448
1368.3008915 8610.3553005
7202.1299433 235.3171363
9998.8012720 -125.6863686
-5115.1388173 9248.8294512
828.9740361 -9035.2803515
-6524.2643173 -2804.8596452
-7868.6976673 906.4086624
-7739.8111674 8727.0462946
64.5544835 7666.4791533
-3530.7881697 -4597.2407863
-4835.6859696 -5216.6931175
-2318.4858970 3366.9087026
6933.0879288 9644.6492920
-6507.3840753 4800.6950781
4592.1741811 4207.1914953
-6855.0023429 -842.7462780
-459.6798603 86.4642298
6456.9248663 8651.8850176
2706.4556363 7796.4904725
-2896.5559338 -7614.6503865
5019.0633783 4580.6012448
-1138.5820846 -9350.1564508
9436.5543732 6999.1501036
234.8812656 4894.1702608
-6058.8797625 -3719.3003435
7208.8259064 2214.6953402
-9734.7974505 -4909.0016746
-734.5055989 -307.2128684
-6867.3738537 1487.1729752
2393.8873105 -2755.4603692
-1319.9962703 3778.0689343
-4699.8337365 -9574.4924796
352.3974393 -4916.7901820
6510.4785172 -8427.3887965
1634.9330556 4954.7868020
-3130.1635971 6284.2169724
6687.2678896 -6215.4110575
5560.7214412 8241.8082568
6697.0374408 5004.2148736
2319.0438245 -5499.8441266
-5939.0329850 -76.6415033
-3616.4491781 2338.2890422
8471.7454768 -7529.9654061
9195.8124651 -4567.7931579
2029.9228902 8691.8840068
2075.0188863 6793.5966935
-3484.8770801 -7767.0641056
9235.0630262 1273.6250216
-9764.6971912 -2835.3494995
-8674.7083283 4396.1436147
-2231.5828508 -196.8072095
-6300.0903475 8217.4680869
-1655.7499326 1106.7109160
2977.5576170 -6464.7543036
-8042.7666254 8508.8916145
-4455.5888521 -4460.4433521
1643.4510745 3523.7589374
-2627.5617378 -1653.9837147
5174.4713535 9945.2488848
-429.4119097 3936.7266618
-2414.2499070 -610.3667526
-3582.4105943 4918.2555138
-3935.5237847 9924.2986097
2919.6764809 -2641.0173915
2231.0486284 1076.3785013
3122.4712413 -3507.2142099
-3136.0924170 4669.2904389
-6459.7991596 5022.7260842
-5958.8217197 -6294.5584344
-9439.4514885 2041.6912535
7087.1932302 -1610.4704786
-4329.8048034 -4828.4204383
-2594.7423428 -6481.3784281
-8179.8177177 -6544.4232754
-9443.1076666 -8205.3343614
-1992.3395916 -721.9362908
-9086.2692119 8206.3418537
6351.6255732 -9573.8142900
7895.9846625 8765.8881500
5079.8478595 2509.4457764
615.7886627 933.9118987
9052.4706142 -3535.6442905
3333.5559827 7566.5940512
9441.1241405 1474.6251273
9921.4812437 -503.2854065
7384.6190411 2442.6819185
-2918.1342412 4718.7487881
5916.4018102 -941.1945808
-2037.7242267 9155.2869336
-7776.9683534 -4077.2180129
8592.9046075 -2857.8834617
1110.9404924 7195.6314208
-8559.8186140 -1204.5691894
-698.3039592 -6690.2320142
2089.5785797 -4591.6948197
-388.8891906 2209.1640672
5422.3653466 9826.1443626
3790.1098846 4068.7620124
-8275.7859109 7731.7803171
6430.3491981 6453.5699771
-5238.5022194 -7950.1615664
3269.4221337 8798.1462377
-6447.1039251 7079.6481904
-2334.3095804 8907.9525955
5033.3326736 6248.6372569
-1358.4103681 8256.7544944
7674.7580814 -4416.7988035
-2275.0927545 -2180.3955645
8767.3949582 -5533.7692134
-359.7504681 -4309.8147782
-3625.8849384 8794.4201173
8333.2251813 -822.3866261
7866.0061147 -7575.2217418
-6509.5573221 4786.3938356
-6521.4785434 -2907.7024501
-5244.8631683 -9287.7428721
-9316.2499764 7446.6937760
-699.0753046 9970.8811697
-5476.4806021 -5083.2693275
-7789.9457958 -7907.0877604
-4777.7209269 -4000.7242829
7699.4603660 1371.2952512
-1029.3494969 -5780.1764269
-1333.8330753 -9064.1542539
-5540.5507711 -416.5095378
3737.1698347 -1481.0097478
9387.0945461 -8599.5085390
5138.2597503 8875.0343091
1576.4944345 9955.9565645
-800.3704083 208.1019754
9600.0935282 5306.4221063
-6416.3379813 386.1720871
4457.4454377 4561.3854753
7939.7346547 -3868.0331404
7785.2017176 2870.4021672
5998.3406381 -5871.4508484
-4826.4289584 4721.2169984
3739.0965909 6514.7476336
-3416.1784459 4642.6447685
9527.8463614 8400.4251830
228.8070634 1361.0490393
7928.9021779 4085.0858906
5274.5192272 4628.9563572
-4853.8092287 3796.5805411
-6372.1558254 -948.2557933
1211.2033110 4426.1240793
5396.5522301 -8881.7920284
8384.4924106 -9400.2248519
8097.5775110 -3445.7377521
5180.6223828 4329.7438014
9409.9144231 2941.6300720
-8066.5092085 -7304.1786272
4961.5176375 -8559.4986033
-9097.2771473 6175.0193622
6157.2524293 -8856.3929894
1158.9761820 -5372.6417828
423.1035624 5421.8420140
-8343.3282334 -2951.4968350
6776.2667970 5255.4056971
5330.5593145 -7964.2421556
-8752.4905249 3469.2450617
9828.8883121 -2808.5559206
6367.7708544 -4333.7535735
-465.9687420 3800.0190597
2732.4699517 758.0381174
2140.1160249 647.7139148
4192.9661028 4463.0650916
-464.1301864 1864.2311044
2241.8867472 4148.6206263
8906.1422928 8653.4375458
2590.4227647 9460.1450904
-9682.9665363 5555.7891807
7290.6486390 -5063.5808930
8458.8608417 9051.7127059
7834.7967134 5914.8316778
-1168.2656972 730.9658663
-6528.2318820 -1600.9595429
-6862.6707344 -8676.5841392
2179.4891398 -6004.0069759
-8407.3309325 -2733.3459558
-42.8124371 -519.8423374
-3848.4085080 -4781.0855292
9071.6166185 5251.3839342
7993.5307819 -7982.0732919
7952.9492515 -897.4771483
77.6450873 2336.6129131
5879.3174692 -8056.1425011
6793.2822033 857.9848377
9255.3862869 -1860.6404540
-1435.7302151 6010.2447630
-5409.6031693 4882.5496318
-2893.2174293 -3891.9695892
-6962.7902622 9574.8407216
7160.7527428 8802.9753359
-7739.1250980 4618.7241549
-4436.2889374 -8413.4197283
3722.5825246 -1101.0171552
-7753.9226346 -7276.1603859
1820.8266848 6484.8015987
-3887.0646518 871.8038684
6054.7052296 -2354.8658401
3694.1597087 1652.6806934
2507.7679017 6164.5121754
-2184.8250566 -2956.0420996
-9710.4594789 -3336.5951572
-172.4757001 -9481.2438390
-1859.0977867 2390.0616963
9429.5469016 189.1865993
-6024.0666485 1006.0571058
-4305.3289588 7771.3307957
-4044.9335539 9001.4295944
-8694.6255828 -5349.1438707
7492.6389541 -5998.5537980
-3716.4998072 7960.7462501
-8376.0244122 -4024.0379412
-4433.0472919 -1360.9150536
-5560.7383458 4245.0160535
8027.1604045 8849.1748430
5194.4961122 -4756.2086924
2700.5557406 8864.4388247
-5854.4953851 -581.1778884
9547.8428058 -4115.0133615
-3806.5564018 -460.2839541
-4898.1880914 5611.3710576
-3952.4714278 -8466.5791746
5766.8605398 1041.1202536
-4133.9781040 -9495.5712260
-7950.8203741 -6283.0364313
1757.5683216 -8856.3727064
-5549.0413339 1640.3940099
1152.6956551 2338.3150642
-6852.3972510 6921.8031253
2597.4034094 -4592.6299849
-1307.0996625 9001.5842766
7634.6355497 -9799.0324442
3394.3539097 -9980.6629879
-1927.8201723 47.4370430
-9164.2572289 -7005.4825820
6997.3583537 -3240.8843224
3300.9089708 -4634.5941292
337.9639329 5039.5759905
2969.5144195 -8283.3582350
-1685.8558298 2377.8673047
3084.1523674 -3623.3255005
8224.5980188 5283.4400429
9047.9343951 -3793.2605319
-9746.8330275 -257.1613528
-5384.9372005 5797.1315562
5715.5642056 -8858.7760245
-9694.7781153 -9235.8025100
6468.7122403 -949.1423208
5041.6109425 -3969.6352747
-3934.7972191 5037.7073059
-6481.4976374 6632.3107910
-9385.8784316 -4969.7414180
1800.0602690 9643.5120718
7403.6467345 2124.7556451
5888.1083857 -2371.5438417
-8312.8111884 6888.4609639
-9124.4093819 -5402.8484979
-8625.9766295 5044.5528756
6612.9717750 -6190.8460679
-9791.1415472 -9478.7712756
9283.9441688 -1482.5396139
-5920.8339016 -8890.0486914
-1513.3304648 9255.5078942
-7733.1726783 442.2634782
5593.0633444 9927.0605092
-948.4329281 -2601.8316660
8424.8322814 2387.7893261
1573.8752489 -7012.5233472
-9952.4941214 9338.7999062
-9025.2947265 -864.4200435
-8953.1329550 6696.8509630
-5073.7877666 8529.2083199
-3470.8519945 1224.4811708
-4048.1854452 -7740.6622525
5311.6659921 7122.4748874
109.2991321 -1474.4579824
-6881.8551306 8067.1800643
1982.5621443 579.5651380
-7246.5788085 -4126.4767187
-4227.5430218 5813.2884544
7983.9608048 7616.7945191
4613.6351624 -2010.9647403
7980.3193895 45.0087389
-784.5738304 -7635.5067732
-2702.6020869 -5011.5033940
2796.8038745 5191.5961621
-1808.1416367 4886.5861605
1755.5325438 3042.0491151
-1172.0864764 1848.6517735
-108.3140816 -377.5731171
-7016.9349204 1508.4876466
-4356.0678381 9865.4213592
1129.7667943 -5613.4908815
-6947.9718163 -1062.5872362
417.7389398 -1003.6478196
-4165.1709359 -113.2293231
9187.5572992 -5525.5312976
-8738.5441581 8123.7586323
-8783.1208001 -4632.8083170
-4468.7247609 -9167.2625586
-9760.4471954 -7611.2961050
-5571.4143640 -3104.2140251
-8627.7062770 -2510.9304396
-7294.6368979 -7504.4548368
8879.1143699 -2959.9518099
-24.6530824 -8819.5549977
-4863.4911621 -2695.7859599
-386.2399867 6413.0227773
7639.7976713 5887.0919232
3381.8581827 -9530.2753729
4709.2212701 -1160.6771622
2783.3349819 1623.9611105
3183.6380096 2119.6421876
4506.6874298 3330.1338286
4205.7958239 -4303.0903949
2812.6676577 -8866.5437783
-6777.1923067 2708.7426519
8479.9936026 4472.5510677
-5011.2363370 5441.5789899
-1524.5424352 963.3986015
8658.4388970 4210.5614822
-4645.7053847 -2608.4004121
-9239.0354654 -3098.8404417
3286.3912743 753.6405704
2367.8920001 9523.1255005
7448.4009409 -2588.6530398
4175.4127122 -2464.3807880
-6367.2591573 -9436.4351640
355.4214020 -3438.7491856
-5631.7371165 3182.5180848
-7984.9630524 -445.5302846
-7553.9513533 -3396.2979340
1172.6533389 797.9116145
-4674.3431206 -5859.0779325
-8301.2445138 -8252.9329373
6399.3429077 9629.1375259
-4098.6169159 -5280.2449054
-9912.5991734 3830.4627080
3690.1784722 -1273.7334199
-4970.5220852 8456.8780287
-1833.8421275 -7636.2903207
-1317.6026917 -5124.5468686
9135.0904306 2328.7594912
4152.0786910 4604.2063953
-6897.4026712 -9136.6710416
1388.9978028 -1867.2557230
-9725.8133943 -7494.6581807
234.0744777 2940.7389837
-7368.2433902 1872.5187646
-7111.7658653 -8787.9280588
9908.8277222 -5788.2605917
-669.7118921 -9582.2678574
8333.6463364 8852.9977324
8241.9558581 2683.1006791
-4942.6989140 4789.7009856
-9259.9940201 6261.1462567
-4439.4800819 -3758.3595433
8867.7614339 -7485.4056482
2103.9717308 9008.2504131
-1717.4394977 -5454.7062589
82.0167632 5610.7286457
3964.2074805 7189.3074502
-8684.1496647 852.4355293
7184.7509027 -447.2273624
-1457.3058214 -5153.4125443
2191.2113807 7196.8624378
-1594.7993957 -4865.7687672
-9107.7429168 6015.8845328
-7565.2750811 -7534.0472850
7657.0031258 5699.7906549
8301.8860442 -8147.3853534
-5561.4488180 5572.0426400
4261.3557700 -7145.0642020
-9193.8878650 4986.7555526
3586.3791954 7270.3635126
6984.9100146 3690.5203622
6297.7290142 876.1974574
6462.2567217 3787.1978052
1982.2328083 4284.7526641
4681.2674681 -1359.7039228
3708.9134442 1001.7215351
6138.6952418 -775.1563772
-1414.3777059 1389.5036703
-6368.6911082 -8514.4368521
3890.3694018 -8399.3764044
7323.5988028 -4313.6075298
5037.3215795 3909.0463621
-139.2632844 -967.9163613
559.7692890 -2009.4416014
-2335.9901499 2456.0410031
7961.9088073 -4625.3115209
-8733.2219987 5459.4333168
-6285.6783745 7294.6671351
6556.9591971 -9486.3615237
-4052.4056062 7006.7195924
-4642.4464386 -293.0055421
3444.9356430 -9546.6018428
-7941.3956888 -4653.2144266
8706.3930637 9975.5147359
6067.0527778 934.6443906
7102.3509587 -3311.5544867
266.3715914 346.2289604
6763.5784863 -2456.1007612
4815.1593222 -7965.7438786
9308.8950336 -6949.9742478
-6891.7398598 2474.2352266
-394.2602133 -1295.8156825
-6455.0759123 -6944.4129748
-3403.4022520 -1537.3013385
-977.7035855 -4880.5600146
-5021.9545308 3624.4137269
-8722.4714630 9436.0000565
-7418.4323378 -836.9540918
2336.5608510 4201.3489390
-4688.5117118 -1939.7000507
3973.6586202 -3700.6264421
3451.3910352 8625.4506072
4740.0425943 -436.8670023
1469.5314630 5174.9117323
8332.9945479 2875.4871616
-4669.2150195 4724.8466221
3226.0398755 6493.6894148
-5232.0139253 6216.9313291
-391.7718580 -6623.7081798
3191.4516191 -5501.0394458
-5101.6978491 304.3896693
8250.7523446 6709.6391759
-3562.5960193 -2798.8122087
7956.2714668 3160.6488939
4584.9599282 -9238.7047326
5924.4705733 6739.1771208
-6578.6950335 -9424.2452543
-7184.3999092 -5347.6542395
-1610.1999808 2211.8443427
-5765.6711818 -3174.0333400
-8530.3395615 1496.8820024
3072.6328950 -140.1323402
837.2439687 -9831.1045768
-7665.6597693 143.9168187
-3407.9668213 9527.6754864
-2770.6936724 9630.9574669
721.3392896 -5666.1412690
7957.1549543 1193.9803930
3625.6785314 3656.2923977
2666.0817421 -5754.2338583
-9639.1038560 5131.4766590
-8813.0761004 5041.5955604
1864.1696487 -8910.7166820
-3396.3909741 -2539.5063273
-4158.0140195 -7339.5858230
-1505.3693272 -1845.0706963
379.4707318 5508.7106336
3441.2892264 -793.6145540
9779.7718481 -7179.5944415
631.6207126 987.7256215
-7012.8729953 3554.9317499
6786.7887908 -7070.6457786
-7277.3144402 -5743.8916169
1929.8504940 -2607.0806663
-356.4618109 -9880.8067496
-4278.2866187 2018.9551907
7657.3021380 947.1921792
2840.6764486 3449.3568512
-8685.4858728 5747.1485709
-8712.2565906 -176.5017624
5065.1222307 -1955.4514078
-6853.1659505 7618.2216091
-4594.6846657 -8972.9745249
-3138.5137167 -8764.0469283
464.7226042 4924.1960544
811.5679705 -6614.0220928
-3077.3751188 -7010.8305331
-831.3335662 1921.1821979
4936.0888492 4716.0031366
-1192.3977421 5283.8184440
-2264.3485645 8173.4888547
4472.8696915 6079.1631570
3738.5963152 2986.6479050
-1720.3765506 1226.6470515
-3585.0375937 2716.2791998
-3441.2311096 2267.5307403
8740.1518556 4976.3743530
-1046.9480460 2413.8335047
3642.1647923 4550.3627976
-1815.3640038 1017.9464126
-1418.1667418 3693.1113232
-3485.5079728 6800.4398544
8013.7851062 -1964.0157019
-8360.7627118 4647.2199988
3061.7431849 -6567.5632981
-4706.2231059 6663.0526029
-7481.5649497 1609.5507873
-6499.2122332 7638.7253273
5840.8743230 342.1087114
-5325.9421682 -6169.7477733
9564.1817043 -7483.1854540
-5599.0535563 -6822.6567157
-1211.5067541 -4372.9976485
4476.3397850 -8675.2386938
-7175.3101153 7111.2822868
-2794.7250666 1046.0182054
6495.0021857 -2097.4779782
-4032.0258894 7149.3551867
-5166.6419345 -7932.2842408
810.2740545 -4909.9783150
175.4602931 9912.3762251
-2023.9697238 5294.2768865
7295.5252078 6482.8700957
-9463.5518697 5076.2943848
-2555.9888460 -4206.3374793
6254.2597008 -1202.5556692
-7080.6991431 3775.9294054
6316.5665282 9749.8878622
-4706.9151030 3407.3935301
-3194.8725920 5584.5835470
630.6144587 -7361.7750374
356.3905091 -4296.9877064
9444.6608080 5587.4417003
-3742.7948360 -1320.8647336
-9809.7828199 -7738.2528737
4657.6300175 5331.6061464
1121.5493385 9890.0330159
-9159.5795053 863.8693435
3239.9349658 6651.9416294
1498.5758794 1921.0547049
-9987.2252456 9228.0543379
8177.9254195 2577.1160595
4269.2783767 -3388.2426520
4913.6878759 -1230.2775803
9473.8160214 3453.8318310
-8063.1375061 -2876.2846625
-7329.1698871 5432.7077978
-2508.6830614 -3093.9122342
-7350.4880703 4364.9699567
-4478.5652865 8025.2067665
8979.7908830 7130.3198031
-4196.8732508 -4794.2438349
-2871.5126930 4563.3939713
1515.3870852 -1497.4798527
7369.7502171 311.7626844
2562.6003481 2606.7949127
-7198.4967931 -828.5426037
5415.8253769 3638.2898340
-5090.5870976 3128.0298420
-7095.8328722 4638.3289202
2592.8876036 8793.1809156
935.3509898 -7246.1491260
-1600.7590948 -9258.2594715
814.5808149 -2089.0043954
-6371.7063944 -8190.6942560
-5423.1125655 8025.7434739
-4403.1426053 6380.4873839
-4717.1328455 1655.6472016
3582.7266731 2765.3596405
-2394.8336968 6199.8781804
149.1837294 -9536.5677189
3942.6290925 2121.7258119
639.2042624 -9868.7438322
-5182.8459900 2546.8778496
9746.5466105 1447.4965712
1855.9304215 4370.9904639
-4367.8508494 996.7289009
8869.1836476 -416.0102380
-8269.6848969 6032.3506436
4487.3249040 7690.4917890
-6293.1051829 635.0419514
-9897.5334321 5475.1306656
-1257.8616077 9258.0174915
9960.5201452 -1607.7567094
9749.1124920 3665.1549199
2972.9183454 -1607.4712845
-6103.8946820 7045.1638286
3230.0534351 9383.6864483
1161.1573036 1727.4851526
2367.1695041 -8908.5622074
2773.6208646 5262.3258604
2387.9737332 8561.3581113
-9999.9289452 2502.9853935
-6921.7764356 -8653.0112124
7543.5923418 8014.8549596
9659.2669172 -4361.7698728
7119.0594408 -812.4037288
7862.7783000 4297.0434537
3530.7168930 -5861.2747443
-8760.3067278 3515.3212038
-8764.2114466 -5684.8243538
-2099.5876586 -9658.4468397
-2355.9515522 277.6530079
-3837.4969132 -3326.2733567
-7275.3707760 6293.7911575
6849.8210064 2302.3642298
-4721.2306133 3012.8132127
-3266.4578101 -5264.1663077
-604.1461930 631.8863551
-6569.0268299 -7347.9995320
3641.4746166 -5733.0017863
-6092.6737082 8587.3666434
3434.6242838 7358.7905170
1023.3417717 -343.2110744
6950.6192957 -9445.9106290
1408.4208702 -8599.6624737
-3142.5504899 818.0661079
8318.6674996 -8053.0168136
8364.6415286 -7026.5326338
-4786.0843726 -8877.5324149
4391.2963141 1231.3639604
-7344.8334115 -4563.0725512
6933.8666971 -978.1428516
556.1681180 5665.5244404
-7019.9683741 3889.4273473
5665.0200115 6832.4983893
-9207.2448435 -1531.5840409
-8112.3520805 -7750.0664581
3166.9265476 -3706.6281572
1136.8042386 1956.5455723
-1592.7315491 1748.6422009
752.5364979 5350.8130752
-4307.1329564 8888.1789593
-2138.6106100 -1189.0320439
6174.1694402 904.9809996
8686.6421777 7689.3027362
-5950.8838298 402.0548401
-2340.1369821 -7705.8354245
4257.2036481 4022.8909831
-3075.4746237 7541.0122912
6368.6010420 8505.6512893
210.1955191 4690.3173099
7685.5764752 7430.2583260
5741.0688370 -3224.0863637
7506.7121951 4371.3426353
8037.4013477 8949.0701862
2352.1485533 1148.3922221
7802.0314380 -316.6346773
2476.8262414 6264.1760831
3205.1584048 3450.3737724
5361.3457414 5467.7940292
-395.1653367 -2591.3702305
5906.0300081 -3863.5927299
5585.1248165 -6204.8720332
-4727.5051291 1844.0336926
-6783.6062959 6655.8066641
6323.5065820 9233.8908301
-3845.6178726 4117.5442668
-883.8878925 67.4312595
6354.9007552 5934.2178204
-2670.9025351 713.1919273
9662.8149413 -9123.1634949
-9810.6386267 -5829.2188442
1883.1783319 -4845.2510614
5767.3852974 9124.6439600
7031.4949306 -1713.6202529
4692.4812098 6241.2802950
-1699.9562897 1106.1591110
-7891.1242650 9138.8201896
-8864.2305024 -1566.1339199
-871.6482989 9732.7325930
1950.0285034 9684.0068584
-8680.0813407 -4764.0821882
-1669.0149229 3419.1389370
861.8767532 -8515.8091066
-2216.9003485 -9319.8679614
4152.0264795 609.1850336
-3614.3238747 1567.9278781
3998.0891848 9408.5994036
-3142.9045670 1146.3856520
-3256.7285417 4011.8053996
-9308.1742612 -8896.7402877
-610.1085716 -192.9678477
-9173.7792069 6743.9815033
8855.5451375 -6325.6758958
5176.5301192 1158.8652169
5863.7815701 68.2320913
-9236.6046790 2166.6830125
4891.2853692 -6761.5162365
8546.9270314 -5062.8510869
-7719.0861841 -6134.4020285
-8211.1193473 6348.5887633
2348.7681615 -1038.2169346
-9563.8315899 9349.0766226
-5583.8014630 8735.5014287
-7576.1833052 4745.5842713
-642.3931042 2710.8194167
-6558.2904760 -4911.4941303
-6736.0588437 3981.0989566
9898.4601411 4003.5847707
-2183.3006423 -3167.1950139
-2030.7166620 9938.7145598
8660.7545076 -2413.5349086
9696.6607968 -2638.7445622
1849.3610936 -2225.5644367
-3266.3919644 1765.0326206
7188.6947462 -2168.8438031
-6303.8576580 -6249.8028680
9005.7778261 1379.6108740
4071.5763111 3636.6663281
2433.4677106 -5048.7240567
-7677.1179126 1228.9763524
-249.5402337 5719.8577669
-3322.9112009 -6717.3532413
-5548.1747509 3840.9109934
-8979.2882581 5500.5406493
4329.8797717 -7145.1707453
-8241.1593758 1681.7009969
2417.2701972 -8055.7033781
3297.9557389 -8468.9824230
-9778.1071529 -8207.5808836
5808.5533825 2318.4353308
2485.2448127 7676.2912245
319.2313594 -2923.1467915
3350.5946617 -4443.8797920
1624.2608069 4937.4914499
-3257.0524957 -8038.4703030
797.5060017 -4604.9395939
6069.1724333 -3697.2019856
-4414.6619576 7191.2403347
1410.1779038 -155.6615095
-4706.5505519 -5106.0028779
-1138.2142699 1920.4958570
5085.7546070 -6481.2325646
9319.9516401 -9058.8917790
1252.9643684 -3639.8714182
1117.3096525 9024.3403608
9996.9708879 5043.2907398
-3595.4633369 -7773.7078940
8454.6576865 -4118.3059831
1100.7079579 5113.2190602
4094.9299643 7223.2347613
9771.7573125 -3192.5898271
4421.8821081 -592.6000216
7229.4524083 5184.2238923
-3137.6169264 -9964.4259987
7053.5630740 5128.0791326
-6510.6183666 9269.2786938
3686.5237107 6794.6869086
8582.8075378 -195.9394917
-1832.7087218 9573.6090420
-290.1255908 2144.2811841
5919.4581971 -488.7177510
4008.1021786 4508.3554091
4664.2206180 4209.4727886
1014.6537095 6115.4016993
-6030.8093234 6729.0807895
-9896.7759122 -7320.2705983
911.4582091 3244.8520955
3303.8277706 6295.8208890
5246.5562822 -6271.1149271
-2599.2871253 -6528.2895951
-8600.0256644 -538.3760938
4390.5681157 -1437.6235736
3833.3905214 -6977.9055988
8368.5475959 3218.1860194
7502.3323612 2984.7635386
-1762.5900635 6889.4132184
-9318.7048407 4131.9650212
-8556.0267712 -6949.3618169
3471.7539510 5052.7534704
644.4502768 5110.3710942
-3082.9976425 6385.1692204
-4838.9424266 5516.2652433
-3662.3304998 -6728.4129341
-9501.2442801 1613.0141408
-1244.7546368 -961.1795550
2833.2151832 -5678.7187938
-5780.1282123 5718.3384500
349.7204309 -562.4604887
-2676.7234557 -1999.9854380
-4687.8403962 860.1324361
-7202.5252983 7731.2248167
1049.4383430 -5049.7554474
7799.5887075 -4635.5202219
354.0242065 -4561.4945443
-5877.1588231 -7102.2003692
-2997.9697899 5777.4028980
-6744.2996946 -6263.4528451
-5563.4140696 1386.7965682
336.7306248 7454.9454630
7398.3695296 5472.1733659
7669.9101808 1898.5796207
3542.1570858 7375.6350061
8784.6048334 5778.7859868
-8491.4302173 -5060.0518747
-3375.5433515 -91.7587227
2562.1655460 -5603.1154599
9257.8985676 -2324.3183370
-2401.1436751 4794.6188312
8426.8306926 8443.0679661
-6011.5261840 4768.2484257
-7538.7831218 855.1674455
-7045.9396965 9698.6713828
8622.0629587 -66.9183583
-5517.6633547 -8404.5625507
-4907.4209512 1764.7360288
8482.5292350 -9528.9234900
4204.1147737 5558.3838644
-6289.8137803 1560.0873789
2561.5686869 -6239.2072645
955.3014699 -1702.3564766
4450.9661695 -7678.4912533
-6638.7457054 -3045.9075711
-3170.6317936 -3385.4047726
-2442.9075324 -3935.3908138
8581.8433121 -1644.6663423
1251.2724866 -3065.0943121
3325.4155557 659.1806128
662.8528799 -9285.2719284
-2366.8844074 9664.4765171
6503.1993714 3263.6293594
-3893.8834675 -2905.0994940
-8533.3344526 -1496.4805645
416.2964052 6897.0386165
5082.5324608 -1475.2423801
-5845.9787851 -9776.0119884
-4766.4022521 -8071.1207793
-8873.2449702 8709.5302705
8357.5827797 -6212.0944549
-6910.6327569 -7254.9360511
8249.5560332 -983.5235932
-6390.4613523 8933.3488017
-5252.3560217 -9436.6746408
-6461.3679345 5652.1619768
-5959.7170619 1957.6291208
-6733.1069271 872.1765140
-2405.6319077 -8097.8648124
401.0166687 -9930.7765973
4874.3204976 -6952.4271765
-7445.6746336 4252.2754773
1781.7928758 6286.3096425
-3458.7319577 3992.7803307
1323.5465428 -8215.9544747
-1115.7832360 2822.3561632
8857.8673640 5688.5269987
4976.9639459 4624.9752459
6223.4553911 7069.8850947
9403.4687641 8709.7383405
-796.8185979 7562.2755545
4430.4606538 -9086.5255952
799.0922755 5153.0173506
-1233.7477357 -649.3174164
4096.4898582 7070.5196722
5928.3975530 -4914.4210826
-2258.8072390 -6815.8346478
-2508.7174014 -6494.8711463
8361.5758150 -2943.2968083
-2032.8589269 -8785.9076437
-3303.9185169 -6999.5564692
-3399.8540633 8344.2059128
-7406.7506314 -6953.7013949
-9012.7946527 -952.3998741
-3010.2801966 9233.9561704
1567.2512452 2454.3191030
554.7726494 7289.2617271
-3763.7518199 1286.4619732
1357.1397206 -5341.2955111
3705.9940532 -6583.0036921
6779.7389869 2535.9415074
-3633.7184426 9567.5949866
-5112.6536477 569.8028059
-3132.3699259 5116.8371821
-2563.2726597 725.5730867
9775.3294922 -4977.5732788
-4749.1528304 -4818.5328659
-9321.2277030 1519.5159809
686.4095081 -252.6499720
7438.0802515 -5815.5471778
-3048.8040416 -8007.3727046
6969.4071177 -674.7446562
4923.1952790 4958.7758362
-285.2500403 4200.9560885
-4959.7637928 -9180.8646940
-8995.0746379 -1394.8299884
8545.8418425 3181.5345159
8569.2991216 -1913.7189438
-1299.6852682 -6127.3188947
-3350.5125138 4593.6789805
-5676.4905735 -339.7767397
2277.6441400 -1746.2836293
8932.8342328 8488.3870971
548.7002774 1484.2495587
2790.8853202 -8175.0672145
-2612.6538184 -5501.3013340
8097.2380110 7525.8221781
1592.2921022 -4891.1703844
-4601.5571928 -5088.5076359
