9981.6767571 -3049.4765443
9916.8652604 -8542.4042346
-8505.5515780 -1642.2635973
-105.0034507 4205.8367168
1386.0537709 -3582.4153770
167.7679705 7504.8503093
1036.9065210 7271.5112802
-4632.3186772 -9296.6338922
38.8851230 -4703.0765805
-9657.7439341 3341.8423784
535.3652219 -9593.3036759
-5449.3556699 475.5166367
2781.8793881 -1353.6233275
3514.1512633 -255.1439487
6237.1944908 -1656.4233255
3029.4224450 1626.9616953
4989.4478953 8822.8543053
-9389.3451594 -1121.2041400
3001.2117673 -8592.8686878
-7747.0500656 4105.8358815
915.2022023 3905.5021017
-8577.6709273 -4229.1988489
4747.0982348 -4983.9675610
-2832.8471702 3730.6649965
2997.7952297 -1484.8138062
287.1115485 3585.9456423
8897.3488860 -3116.4033143
5557.2523624 8745.6559655
5831.8086581 -4214.2697337
399.6369685 3166.1027734
-7545.5938237 -7438.7458601
-750.1568537 1901.5402121
-7806.8859643 -3177.8205788
6583.0603754 -702.1288113
-9696.6682576 3435.0077415
7084.8331034 -6613.9315909
-8323.8471526 4258.0773533
140.1334560 1632.9564276
-5358.2045908 6545.9102858
-8365.5942173 7219.6238364
24.6812519 8106.5801875
338.8303193 6793.2256609
4907.5145075 5005.0757257
-6882.1990014 9951.4418812
-1382.4463165 -7976.4335191
-8086.6503622 5669.7400265
9080.3148085 3790.1557783
9145.6023868 -3332.8131527
5914.1331201 -4871.9643029
3780.5406072 1960.5591622
-6691.4450472 3743.4767276
7168.2634519 3091.3362397
-7647.3256076 2530.6236180
-5198.2096554 -7782.1066725
2083.9740410 -4194.0006810
2297.7531668 -9391.4499854
-975.3936386 9388.3494352
2551.1351851 -107.8551230
-5563.9541758 -6007.2490875
4920.3827956 1977.4612033
-6772.9969646 849.0298286
4886.1474023 5813.7645992
-2298.0079433 7489.2320653
4328.0667332 -9533.3482619
-637.9761500 8294.1846452
953.0177777 6330.0927617
-3448.3007472 6718.2759848
5839.0889806 -5899.6787052
3422.1505911 -6322.1814732
-8955.8192136 451.7884229
-8110.6848522 4500.6227783
4721.5258934 -263.9549600
-2498.1839547 -4646.7890712
-4903.8937520 8119.4757050
7424.9805406 -7222.5374571
574.0859391 5870.2988585
7578.3587226 4166.8867024
-8398.4518943 7147.6613464
398.2681095 200.8371793
-3230.1298769 -2695.0259075
-5665.4001343 3768.0584521
1412.5053365 -1862.5941584
8330.7137037 -428.4976345
8048.5735825 -9214.6948456
1367.8743670 4092.0516145
-2658.8697689 -2431.6945447
2402.3631818 6983.0270241
-790.7958088 -1563.3376862
1306.5126900 8506.3921038
-5875.0083799 -2640.8970460
5480.6067891 6545.9138031
-8251.2159096 845.5806454
-7071.1268371 -2051.5682059
2687.7039735 3729.2772608
5279.2255573 5715.4826445
-295.4292966 -7538.2128632
-4235.7220142 -4339.1190335
-5540.1233897 -9768.3437302
-2909.2634475 9212.4486153
-6621.0443676 -6779.2326698
8901.2004757 -32.9615801
-3565.4120316 5891.9036876
-5029.9571426 5369.2570360
6689.1208918 1132.2789142
-3224.4070476 -1206.1261948
-6748.3802066 3429.6754004
-7725.5233058 7992.2504301
4532.9244406 2086.7490263
5689.6826127 1835.4423988
-5468.5154414 -6634.1805583
-9868.1207076 9787.8654296
9671.3687357 2250.6376943
-1901.7205366 -1413.3854724
-3343.1661268 -6629.0768715
6887.6505380 1967.6966697
5951.9026517 5749.3070104
-3640.8593475 -9687.5756467
-3663.4514692 -7587.8368945
8157.9335831 8592.8753992
-4099.7914961 -4868.5102378
-822.6983261 9685.1315133
-5460.0185500 -5938.9083545
-579.5641597 -2997.3825827
9811.9660252 -1830.3419257
2996.9928496 -7708.8481098
2494.6359839 -117.2566895
-6677.1744421 1121.6031295
-2138.9040410 3930.3812545
9699.2387104 3444.2404207
-7046.6803864 5695.2472018
-1960.3215804 1190.0471921
6856.2816711 -7262.7310247
9464.6828760 -9330.4006576
-8379.6316738 -5904.2887784
2948.2013763 2228.5525051
2744.9789774 8899.5460845
-2963.2138665 -6713.8436179
-4084.8741219 2908.3785885
3213.1702710 1624.1415573
720.0874337 -7065.9935303
-4956.3842647 2608.2728463
8250.0062562 4361.9283507
-1652.5419517 7310.4772224
-7875.3639576 -3283.0135626
-9281.4199283 -8531.1497897
8540.8555139 -4924.3480521
1441.8673794 4586.3019189
-8280.5874022 -4659.6920922
1041.4476723 -600.5781750
-8415.7614798 -123.7074995
1824.9358338 1286.1696817
8858.7863717 -2619.2569386
4539.9172276 -4931.1332661
1548.8637412 -339.6980624
17.6455504 -3854.2858810
-9602.4089455 -3170.9130815
7715.7256415 -4054.6715128
-6912.2948744 -5156.8718250
-1326.5493326 2076.7791237
8235.6372604 -2669.0686433
8958.4838185 7536.1247029
-7074.2978164 7417.4118137
5155.8614814 1097.4280752
8505.8269349 -8695.4220556
2658.0561711 -3484.6035964
-2570.2417119 -9095.4823231
-5866.2659282 2650.5794101
-5528.9621641 -3599.7028242
9552.9687466 1134.9104786
-1717.0978488 1323.8752884
1998.5531654 2184.0808922
-68.4597238 -9177.5699895
7560.5671921 956.3670424
-1413.0764405 -5992.7080772
9625.7826761 -4198.0683589
8706.8908685 4694.9480981
3144.8083553 164.9504006
7510.4348651 642.1625757
-2713.5593891 -852.5076273
-6028.5223326 -7096.2221682
-9443.4608052 9707.6667149
-5868.6695628 -3072.1855564
-1657.6747273 -1680.3724151
9994.8329940 -274.0918241
5816.6132077 1337.7712514
7916.8460942 -2900.5279911
2364.8309406 -3364.4846067
6639.0951410 -3321.8814883
7076.5045845 -3675.5308250
8285.5314127 -6844.2125469
2229.1740212 1917.5269147
1230.6484002 3914.2718791
7372.0609760 -8066.8060192
5715.2072062 -3725.6378446
9750.1529831 -1581.7258083
6481.6341556 9152.9021459
5855.3318757 5843.3328604
7612.6466633 -7959.3731037
8984.9857891 -5110.1592044
-4682.1638824 2460.6819926
-2677.2803779 6616.1612940
9881.1780404 -4623.1534868
-368.6079325 -7748.7889008
6257.7000820 310.5030530
9256.0058964 2286.1683208
-9478.9428494 -4767.8692595
6173.7570481 8247.7512935
-8010.2648417 -7231.1224505
2197.4853622 -4173.2423655
2700.8570358 316.3083750
2949.5382315 -7446.6364147
-8551.0205808 -7217.6918585
5713.4420972 1117.4602190
-2533.4039432 -97.2513060
3493.7774943 -3704.7493668
8855.2416265 -2380.2286176
5763.6191225 -4258.3913323
1051.8898702 6812.0961665
4281.2008033 -6673.7760987
6737.9023587 3086.4257387
8345.8649131 -1402.0910568
-6584.3639200 7330.0789601
-601.5309309 -8560.2774351
5760.3351717 -7998.9451381
-5565.4879431 2156.4488175
-5304.8515585 -8455.4152244
427.2037394 3415.6533341
-9770.9994285 4338.9159468
120.0720233 -8810.6557970
1085.8703417 8072.4309558
-8125.3459668 -4324.8435217
-2697.5078698 -7919.6432300
-9214.6427051 -7224.0751680
935.1440281 -9561.9713077
-1271.6350889 -8771.0574898
3887.0844440 -8597.4286136
2673.7267623 -2664.0562506
8620.2730823 6810.3047448
-1909.5568260 -3185.7380556
2341.6032104 1198.2289542
2819.4185703 -2654.1894963
-7949.6753936 -9007.0189973
1465.4963393 -2196.6470237
-2198.0695303 -2803.4078468
-3303.2587970 -5082.3912912
-9449.9028083 5295.8154469
423.0813660 9157.9573028
7633.5122359 -7683.5116628
6599.7633406 -5876.4768101
-9601.0471393 7743.9873962
-7719.3976724 9412.9228922
2926.5947479 863.9286969
4985.0554186 -3789.9157677
8074.0266147 -5584.5921183
3223.8687923 -9004.5438799
7682.8196059 9392.3560841
873.6946094 -9340.5583753
-9011.4134664 -2730.8072819
8612.1070755 2183.0160567
5973.8252202 -4814.9116266
-5022.1863138 3673.2937772
8748.9854041 -977.6539680
-4610.2976521 -6576.2759414
-4796.4065286 -5807.4945657
-986.3017157 971.3019599
6163.5972207 -1095.8948972
-392.5125638 6024.4721272
5702.0227625 5908.8656511
8849.9690777 7295.9540289
6353.7935165 6392.8692184
508.6142500 994.9023381
-1085.3802886 964.5406974
-7116.9704448 -4426.0711128
-5160.1862470 2699.8734206
9513.7194435 -2770.1683446
5102.3598233 -4025.0265169
-6331.9103476 -4347.4430858
-1004.8538377 277.2860958
-5201.1292181 6353.4967185
-9023.7797362 -9977.8297257
1428.2446611 -6121.0943397
2624.9960339 -1083.6179461
-5230.6345546 -2419.0149120
-7340.0298313 2679.8251541
-5572.1368244 8883.3689369
4465.1667847 2297.1037176
-7819.3493308 -5714.4949118
-5885.3299048 9334.9398529
5238.7692420 6290.0007575
7401.6261338 -8410.0128937
-6231.9735899 9706.5991250
7238.2316271 -4007.9465878
3839.5933161 -3878.6936992
9785.6562199 5554.7942150
-9450.0388686 6565.7909549
-2691.1137209 4653.3000971
-2254.2384079 5398.4293256
131.2799398 -9213.3306487
-594.2482901 5346.2147297
-3585.8237257 -9439.5946759
-2384.4260318 -4090.2823221
-6360.7360756 6741.8081993
3675.8694031 3535.2956181
-1702.0956061 -7643.2334092
6565.3842511 4098.9264713
3900.4421550 -6322.4859783
3340.7677541 -2982.5247450
1980.1477706 7144.3337092
-7550.9496813 6781.7121348
-7308.5080689 -6078.8476855
9040.2551602 -75.2293124
-1952.1144262 1472.0903360
8738.3884464 711.3466288
7397.6768589 -8298.3338896
9386.8872033 -8594.4436634
1311.6004376 1896.9370088
9647.6449015 9100.5872293
7343.0942440 -5239.9410066
-2123.5157405 6254.0827601
6195.3671417 1718.7385325
944.7779440 351.6967339
-4858.9327194 -5753.0757646
1575.5008113 -1997.1046472
-5432.1798053 -7606.8096478
-1036.4324765 8686.3369438
8161.9512921 -7829.8534168
3651.4238335 7159.5967512
-6675.3209814 -5321.4058162
1082.7015220 5230.4672716
1316.8485225 -4800.0221722
-9617.7923362 -9212.7268699
1052.7561518 -5807.0388663
-2412.7494028 3960.9173766
-9281.7561834 7869.6847349
-7442.3818577 -2361.2050636
3362.5216409 -3851.4896308
-1242.4407678 -1526.6439117
3597.9211170 2666.5713911
7568.4447169 -4587.2918030
-4492.5770372 613.3206510
-4663.4976322 -1932.8996716
9904.3748565 8228.3309290
8262.6781352 3029.6606172
-4483.8008587 5649.2592617
-5635.8393119 -4871.2050362
-5158.0102764 2363.4217064
-7445.8899725 -5588.6819203
-1855.8301713 -7795.7859142
-9894.7723728 8495.9344982
309.2666958 -722.0643433
-1336.3503290 7569.0782113
3473.7724966 5509.0493606
149.3505482 -1742.0127815
3698.0579555 -2900.4906350
2596.0850186 -9826.3500870
8126.4745207 -1104.0564085
-2104.9649094 -2900.0152438
-5148.2531858 -7067.7226419
3003.6422336 7724.3784568
8640.0820582 -708.7995721
9648.6323962 -3417.7022378
-4819.2065518 -9289.0409456
-6036.1929518 5173.5908581
8051.5557735 5411.0542719
4185.4305531 7019.1907876
1906.7515013 791.1350917
6370.9602357 628.3214822
-1156.1137943 -8849.9672311
624.2180202 5090.4552898
3873.5080968 -5846.9059882
-4187.6074232 9539.7203636
3741.6594850 -1842.8662555
-8462.3297560 5564.7817294
-3794.9309499 -2014.7945244
7377.5044536 -834.1933949
7162.6550316 6732.6694897
-7801.1752325 -5715.7097083
-709.8871949 -9725.0696855
-8126.7676016 -9866.1308363
7602.2850113 -8943.2810955
-7553.9838366 -9966.1372284
7130.2777070 7017.9568946
-8850.1348421 6631.0188510
7163.1441320 -7480.6984153
915.3855651 -6774.8655331
7004.5862945 -4927.0384235
6787.8244819 -4170.1152085
-1318.9952042 6361.1263144
-4028.1811169 3589.4303392
1614.8999818 -102.5275305
769.6499965 9045.0434398
7116.0564837 -6260.9647418
-1867.2912266 -1752.7088779
9444.0369263 2955.0437960
9398.5440904 4804.5740469
-9980.2710256 -5745.6061973
4474.6651145 9626.1139970
-5592.8640894 -116.5027031
-582.8530046 8040.9606472
7875.9538183 3990.4526716
-7263.9194766 7692.7880668
1747.1172978 414.1280319
32.7996551 -8288.0359213
-6284.3570863 -6575.8981415
-5379.1894880 3163.1274880
7818.3740390 7450.8366170
-7670.1174298 -6913.4816253
-6192.5068245 2813.3248010
1494.5108071 1781.0764182
7023.7581445 -9811.0489795
-1168.3684218 -2092.8742220
-5604.4250058 -2233.0392337
4415.9765164 4331.8614861
-9179.7797082 4085.4505998
2236.9206971 2728.1589840
-4517.3819277 -7635.3789516
-4170.0978034 9425.8905612
-2489.5501443 9113.0755030
7540.8238579 -4844.8609412
2352.1276931 -1639.2161427
7311.4420417 -2239.7595874
-4385.0060500 -4311.3584293
1442.3009956 -1778.8168248
-3833.3268411 -8239.1431696
-2988.6446963 9015.3971405
-6260.6983416 -5166.1511995
7727.5354733 5315.2275644
-1575.5192833 4325.2594737
-5350.9992885 3193.0471659
1144.5417491 -1136.7315535
-432.4631150 2504.6243493
-824.4694292 -6290.2177841
-6443.5227216 -5121.7738325
-7687.6789594 1394.1904364
-4297.5605110 -5804.1374980
8011.6898747 -5506.7925271
-6487.1696742 -2667.4560412
-7842.5701282 -9949.6929067
8469.2954389 -3034.6227327
2534.0531137 8682.0737902
7756.6758767 -1148.8213622
6460.7930833 7841.1350268
-8254.1120367 -3216.2230615
-7344.7380993 28.2274967
8513.3670882 -5810.3322871
3470.1327709 -9027.6896920
9158.1009532 -8567.3537331
7114.3240183 -9375.0386599
-5250.6943827 -7257.7619965
552.3946488 3030.3210214
3067.3009367 8291.7213173
7055.5944315 -6545.5492914
694.5284646 8505.1608121
412.0256046 -1018.9476171
-6138.5537692 -8419.7128227
5462.2157218 3614.5161893
2078.5721931 7489.9689194
261.8531818 2180.3955898
7693.5539619 5558.8055850
-2732.6121545 781.3327915
2120.4296787 -629.9350905
6257.4192982 -1493.9239082
-4481.6954955 -2050.1678125
6003.1157963 -2718.8056492
-7561.5642563 8878.8963841
2309.4919067 3543.8616963
5088.9360557 -4212.6246707
-5420.6742665 9892.4152157
6966.4983235 -4064.6069486
2815.9066846 389.2753910
-1598.0029962 3194.3468944
7609.6211860 -836.2067868
-6807.1592299 9600.9817391
-5568.7914565 7819.5533411
2460.3249379 4161.5809005
7079.6687267 8268.6839975
1269.1190761 1749.9193674
-4025.8187770 -7183.2498681
7327.8663080 -5460.8902637
-5269.4627110 -7375.2772949
-9080.7672931 2549.5475767
7842.2871027 -5143.9260575
4832.1852267 7748.2914313
-4596.4147418 -2530.0595614
6797.7027837 5846.5018117
-7590.5520074 6637.3379895
-4146.4452861 -1902.7940164
-9782.8744938 -6761.8320055
-5834.9059658 -6718.8572951
-265.1541672 -7663.1087938
-9575.9848348 -8350.7628089
-8676.6995551 -6639.7483529
6848.6267808 153.8964984
-8166.7592331 -5737.8269617
7221.0584772 -2787.5266942
-2740.7448928 1990.3540740
2578.5754037 9080.3805692
5504.9003128 2447.1560328
8235.2829825 -9993.7719876
-1903.0203210 -2543.8864383
3801.9548776 -7859.2901795
-9776.1634057 766.8724713
-5459.1460194 3686.9332474
-3195.6329244 6169.8213583
7520.2697588 -4023.8337721
-5294.1304395 -3797.3616165
-7995.3202972 9264.7352565
-5041.3820134 -9012.4800955
3512.6947961 -5359.3817991
-1016.0312143 -6818.9552431
244.0253047 9629.0588343
8568.5115990 -3540.0295902
4814.4208133 -3856.8210612
-395.5848043 1812.7062743
1552.2933211 -8711.0714966
9868.3300230 -5512.8254135
2243.4716729 4418.5205984
6767.9649250 9826.9808387
3617.8254604 -3291.1812492
7228.0076168 7500.7953230
-7030.7468240 1496.6761938
-9439.0564720 8156.1049469
-688.2604874 7966.0470896
-2565.0118207 -7055.9659228
7829.7730793 -7279.0193110
-136.6827158 7028.9859233
9799.1122075 -5175.1641139
7819.3613627 8145.2887765
-2825.5388543 -4976.5744692
7644.3210808 3408.8786223
-7144.8602702 2175.9019326
6934.3615379 -4088.0560959
-9977.1319547 9672.0845941
-6286.8323709 1265.8219438
4863.7467155 -3527.3056239
245.1946385 -2398.9036315
3326.7444095 -8413.2508989
-2630.7273051 3929.3128017
7374.3436207 8001.5573543
7033.6935181 8746.0647243
5586.4474992 362.3866773
8337.9751912 6581.8281191
9121.8407501 -9059.9268236
-9467.7476412 7036.9326226
7732.1344500 -2259.5398259
-5303.1933577 -8512.1098635
-150.5797356 5096.9446468
-113.4493445 2694.9986600
997.8170327 1336.4524324
8921.5540259 1223.5322638
-1425.7836019 -5671.9072546
2833.5431305 9663.9388860
-9386.0559266 -3848.6913272
-8952.8850496 -9822.3377528
-1637.2594126 -7921.5094643
9639.7214156 -1038.1241494
6188.0307045 -2434.0228426
6875.9641698 5799.5606651
-2142.1619662 5605.6212500
-1338.0031916 6735.2594568
-7815.8254293 1235.5780941
-9941.0757419 9120.1631231
-1517.2268570 -3107.4180459
-7571.6947779 -6323.5260565
8409.2789122 7920.6028377
-7463.8028837 -8658.9605633
3514.3369011 -9672.5115743
4212.5258546 4211.1694987
3429.6033129 4501.8084563
3865.6570515 4089.0627133
4499.4254338 1086.6779136
8103.0085133 -6200.6101967
9945.3379435 266.4496217
-1368.1258826 -1204.4887188
5182.8275882 8439.2846293
4643.8098717 -9877.7811451
7069.7182642 -8386.5178634
-573.5846706 -1578.3842328
7689.2043537 -7355.2640754
2934.2922525 -9532.4146446
4528.6488888 -9677.7085871
-7539.8190393 1767.3258967
-5225.2133880 2809.3526106
3016.6563653 -3879.0164515
-7357.6657476 2555.6864810
5665.7242575 7652.2883835
4797.6774880 5236.5983430
-774.3548665 -3675.7984926
9261.0874025 1068.6184042
-7089.1296202 2066.8038249
-7330.7437005 6846.4290248
-2147.6592320 223.5399914
4641.0761305 3267.4729385
4869.2449287 8917.1661230
-4362.8866043 1872.3674993
-5721.7476007 -1318.1361561
6648.8957680 2031.4182367
9570.0522845 -8329.2434037
-6375.3373500 3574.4781466
-7853.1922146 6871.3716353
-769.6582967 -3848.9361282
3829.0317044 9726.4345826
-4040.2806748 -8019.3587757
8676.3000560 -4837.7226447
-8438.9873999 995.4825424
-7906.9733561 7009.7719215
4438.2388209 -5898.8027762
-2850.8991245 3336.2326373
-5480.0583800 6224.2333932
-7389.8400485 -7811.9011625
-7122.3691704 6967.4046607
8108.2241810 8397.3825336
5155.5530160 5008.7744378
3018.0762208 -9216.6842065
5020.4618073 -8348.5794915
-5739.9301370 -8849.9739145
-3846.6652744 5993.2045139
9613.9769994 -6278.2082929
-5305.2937728 2579.9269828
417.1075955 -774.6176810
-9417.3194427 -7089.8470357
6478.0128110 -1463.9163009
6807.1909890 -3621.3745157
-2262.1034914 -6722.9361431
270.0194025 920.4508875
-5939.2930899 -8662.6622687
-9848.0871698 -6500.2144593
753.0384230 -2076.2151967
4939.0702365 3879.7566618
4803.8662574 -8121.1329818
4922.5638147 1022.2253843
8034.9433391 2602.5618192
9502.5080865 -6501.2984799
-2857.9293081 -7894.4816107
5350.7724306 -4080.5367865
-4652.6233342 -9182.4818505
7532.1942233 7329.3379218
-2437.8726946 1208.7677539
3961.4453972 -7825.9731929
-5507.1740527 -2704.3401071
5229.8653617 626.7535263
-2808.2741931 512.6025932
-3661.9827374 6152.8934392
3310.3693049 9992.0393671
745.6886494 -123.0301639
9172.5568547 3439.2942179
9357.5416846 6672.7175822
1841.8372992 -2499.3534523
-6426.1785201 3165.9786269
-6172.9656417 5998.0028763
9084.7075890 2212.2102896
8232.1866335 8827.6947296
791.5768909 -6791.6825218
8735.2510849 8575.7145294
2034.7789339 7146.1892417
3331.9115579 9187.8172982
9687.7538531 -9006.7907569
1371.1079094 -8296.8521252
-7050.5622715 5622.9355146
5127.9730974 -3751.1485920
587.0027975 -4177.7232771
-2775.8181333 -1023.0672960
-2874.7767525 6603.0489461
-8767.4981769 -3706.8990339
-4293.8334416 6401.7689326
-878.3622285 127.4398939
7360.9770812 845.3931147
2516.7951904 -1449.1033753
-8791.5637202 -8745.3257891
-6032.0843979 -4254.2015289
790.2654442 -3097.9436697
-6571.3800046 -178.5279057
3001.8017545 -1565.7981824
-5341.6310046 204.8671080
-3948.1544888 -5950.8238333
-163.3820670 3903.7394259
4016.8417043 -7600.1568066
7965.6734703 -553.2180982
-5702.8502283 7186.3744177
8908.3568680 3897.6583695
7820.9506678 -9541.6973312
96.5341437 6889.2749878
9265.5155787 2630.4146189
-7618.0489446 -9889.2478255
-7315.3608062 5467.3934982
-2442.7971497 -1876.7922527
4223.8586511 -519.3303587
-5321.0192689 8205.4934973
-2264.2308222 -223.7674407
3245.5341427 -6031.9735337
-4171.7781809 -9549.2127596
2781.1407355 9966.1734537
-2268.7057989 -1496.3129679
-7151.2078162 6063.1904883
-8781.7595233 -9656.2045079
-3153.4214064 -2047.0806747
718.5760271 -9407.0523029
-3288.0538938 9325.7952981
8814.6970923 -4134.4534586
9563.9148894 -3034.6719795
-9021.5939089 301.8496992
4812.1969808 -3339.1826506
-8830.7328307 -31.7469309
6430.9861135 -8951.5541626
-153.2834100 2239.5028212
2175.7447186 -6487.1669110
9874.2298449 9625.6834688
-9456.6252555 -1565.9170045
8374.0622677 -743.5721956
-2796.0221239 1226.8318845
-2511.2656353 712.9687757
-7219.6196882 -4025.2008416
2697.1818606 -7001.3054517
-3538.9942748 -442.9837613
1160.1497909 242.3656417
6523.3102755 246.8534138
1364.5090346 -2031.1184605
-5106.0756041 2091.8655966
-4254.3251082 -6772.1151311
6757.7157953 -5301.1736477
7377.6984997 2462.5414959
1466.0525211 7314.6168315
-7028.6110087 4961.3557107
287.6778377 7970.7347140
-343.8540013 7066.6959319
-2160.9079806 5243.5596556
6208.1793909 -4555.8767512
-2856.8970480 6407.5505594
811.0389469 8557.6124065
-437.9738624 6401.2738268
-1958.3415861 7178.8922301
6562.5143510 -6555.1395947
-2113.8871498 -9293.7810878
1679.2906177 6994.9021146
-6941.5310483 1312.0516662
-8528.2152832 3466.5424906
990.1909754 7325.8456493
-1876.4638448 -984.8473424
9912.7379028 966.2398497
-2001.4965985 179.8331908
8939.3785040 -4306.4480149
-8497.0461969 8294.4985490
-8915.5541220 8174.9078288
-4046.1889870 -3848.8713515
-3459.0950262 -9048.1331221
5174.2646729 3226.7497252
-1613.9961908 6806.9080269
8005.7443397 702.0089439
6324.0370580 8158.1583247
-2341.2372212 -5095.1883784
5944.5196014 4276.6611529
9748.0524168 -5382.8643105
8993.7956148 2759.2603845
-8076.3844359 -5997.7881422
8213.2573125 -8690.6665745
-5430.1379706 -3980.7039256
5953.8046008 3442.2305063
-1871.1758895 4683.3537304
4080.5718687 8670.9348204
1955.7364093 -2606.8694610
126.4995206 5742.4421507
2148.9130223 6803.7935387
4703.6116048 -3836.6514534
5829.8295537 4282.1229102
2671.0545393 3652.2656453
6052.5680014 -6504.5513460
-8239.4318856 -1382.9384173
-3426.0403208 -8808.5227036
-2893.3622170 6481.5523835
6737.3831905 1592.3348084
-9597.6968182 -5798.5452474
-1331.2960911 -7960.0090852
1601.8103785 3899.0318457
3613.5039379 3735.5631037
1524.5428115 9338.9907421
4948.8682532 5608.7822960
2812.2114788 -4408.5472702
-4378.7366774 -8657.1617532
-766.4696544 4463.5789544
-2507.1207563 7329.4949530
-561.5181942 384.7064715
-4112.6476705 7063.8594616
-3062.1102107 -9099.6476666
1198.8235703 6444.7940401
-5221.8821602 6920.3542672
-4623.5019473 7766.0892541
-5425.9902833 -3806.6270972
-444.2381848 7607.8607215
-8805.2342415 8722.1554915
-5976.3977975 2468.2135439
-2472.9351096 -6704.0986622
2592.6610838 5088.6002432
-7179.8296136 -4312.2293679
-5554.3739173 -3541.0706103
-1913.0305052 -9386.0196122
6164.3711657 1257.1086211
7408.2659007 -6564.8841203
-701.8399631 4325.7275873
984.4896812 4179.0304837
9228.5733033 -2388.6867175
2072.0287640 816.0970890
1727.6438407 -3115.6816828
3303.5194352 -9981.9858911
1384.6436421 4093.4507884
2697.7756523 1445.2920711
-3043.5572656 -6646.6289665
7611.0690671 -9031.9389931
6693.8552714 124.3754612
6224.4675843 -2392.1955573
1247.3015688 4845.4190747
-2538.4128340 8174.3907015
8023.9295967 7408.9018405
-4686.4190100 1286.4194814
429.0721518 -8189.2303011
6330.2205566 -8821.0934858
9143.0237722 -604.6576762
5050.7197131 1053.4237010
5004.9940364 -5724.5298867
3745.3742928 -1896.5569420
227.2909734 -4460.2880147
613.3957931 -1030.8126446
-2956.7899368 313.6615671
-1624.4700473 -308.5360024
-4813.7035801 -1155.7821088
-5104.9549593 -1545.4178486
-7688.4263839 7618.8668444
-4917.2978589 2361.2789980
9564.9684198 -3789.9891323
3801.2939645 -3352.9665377
-2364.1721753 4821.5749861
-3504.8787013 5591.0401413
9400.3640596 -731.8808670
1752.0451384 -6452.4039076
-4249.9129108 244.7011787
-2812.6125668 -8171.0872617
-9528.8370961 7525.1748294
441.0797299 5713.7688211
-3130.5608375 1947.6648063
-7957.2734477 8209.8442821
2573.1125087 -3667.5912820
-2939.6244542 -6979.5306849
4325.7356584 89.7215273
-7554.9179799 5152.4358807
7697.0523142 6692.4102452
-4526.8403618 331.4566864
9588.6491114 1309.7944460
2298.7273476 604.3043255
-3727.1653250 -2771.1541228
3822.1008434 -16.0018878
3693.1744612 716.0941679
4369.4864907 9573.4522013
2217.2988526 8422.4559094
-8706.1725740 2473.3593740
7254.9657669 -6687.1142849
8213.1552886 1035.4621838
-5889.0608165 8192.2257702
7304.1360650 -7742.4239414
7476.6852365 -1099.4432281
-7445.0167143 -3170.9598295
5459.1503779 6033.5757215
-8977.2553269 8572.6622378
8958.5349131 2708.4929302
7941.1958813 -7682.5639987
6092.8644367 2766.8599303
-1927.7701238 -4877.0871665
-1889.7502939 6141.2821362
-3389.0395817 -182.7809949
-5857.1188392 -5873.2745598
911.8213895 2845.9929030
842.7199360 -5202.2085986
-2897.2717471 -4820.5701368
-4987.5306384 2859.4746443
-7495.8989498 -5785.7872733
-424.3808628 7901.2415749
-7847.5020171 -308.5636343
225.8827151 -5889.4205909
-7128.1876556 -5516.3808000
-2969.4154019 2272.1048834
8473.3429409 -3594.7059875
-4496.0998985 3604.1752250
-3717.0278844 251.7878501
-5567.9614894 -1394.5145956
-1607.7816566 -8425.7238377
-3175.6362536 2464.1700960
6282.5468431 -2474.3032854
-9031.3165025 -1281.4685191
58.3287233 741.8103256
5927.7282635 2540.9169633
5449.8301297 -9178.1504055
-1822.2701147 8337.0070087
-0.6839534 -4716.2385592
5918.9706889 7970.5123132
-3893.8355788 -3766.9979654
672.6292643 8896.1464377
4224.7658586 -3352.3210571
6676.1375684 -3087.7337105
9556.9529187 -6711.0537418
-1979.7581639 9269.4281165
-1197.7561637 -3495.9315602
-5040.5827175 6248.7037870
-307.8389616 7876.7268772
-7776.7493349 -5120.1042769
2122.8887311 668.3611028
2570.8923802 -1070.1746467
-7285.1887886 2494.3748270
-8853.2918342 1795.6529090
-1492.0916147 7962.7690759
3647.3451735 -7146.9180378
-4314.0317403 6179.1088014
-7811.0913680 3711.9760831
-455.3744027 6662.2587340
-7054.7504060 -7829.6934143
-7713.0810649 7799.4094677
1994.3409962 998.6002914
9452.6448316 72.9536993
5758.1506967 -3095.2959018
-7377.8905409 -8005.4879107
-3947.4521668 2802.5073569
8201.7556503 744.5241092
-1857.5875131 -4494.3390620
-6037.5197661 4283.0750274
-4444.9576279 -1291.3679804
8737.3408505 2789.6689642
-5176.8840952 3344.6356825
-9467.6855564 -4145.4002689
-9306.8024251 3848.3086636
-289.0093670 -8070.3656428
2339.4627354 8278.0733792
-8870.9294235 6954.5948795
-2047.1596904 5181.9630360
6077.3859124 2102.0991420
-4421.8012871 7836.0199430
-4811.4343697 4278.4137389
-7916.7912931 232.3244369
5041.7623645 2581.3266960
6659.2509088 8619.2262689
-823.0113903 -7635.7510963
-6793.9218973 -1803.8422574
-593.6644697 7458.1374383
1659.3778106 872.0487761
-4942.0028201 -127.0219893
-4871.4366878 -2886.4515683
-2704.0018829 1987.3942192
8847.4359807 -3683.1489737
-6828.3149224 2059.5645939
3358.5802357 1079.7977868
-2986.4715986 -1159.2321259
-4063.7103672 3835.6397320
4555.8044842 -6726.8199798
-174.9689681 6076.4202198
-1716.7175177 -8315.1911290
535.8421289 -988.8213939
-6072.7516275 7533.0825838
-1740.3011724 3347.1140515
-8761.2914044 -8328.2012795
-804.7579399 7402.4902515
-3583.9698756 3273.9474723
5841.4530476 -4749.4989640
483.7299240 7572.9517338
-3255.6029986 3464.5124423
-1759.1679381 -6425.1670153
6528.3558645 -6569.9600638
8974.1872837 -9339.3076418
-8877.8881986 5462.2932429
-6710.5119678 -6390.4777648
-2418.9341355 -8880.7881110
2827.3125773 -8165.4528365
-1920.5277958 -1.1878047
4492.4705473 -6996.6609470
-8945.9896994 -3623.5060728
-1294.4336199 -8079.2565338
-5414.7858418 -4204.3488913
-402.9112646 9617.1889904
562.8082410 7530.9206351
-7087.0347807 5876.8400327
-2095.7898969 -6778.8948309
3111.4790565 -3529.1674177
-6982.3478932 -9953.9071263
-2886.5582814 -4601.0744854
-4495.9211955 -5762.1110222
3197.9204844 -4601.6223995
3224.9212363 -9884.6837969
8572.0837955 -8227.5701369
-8189.5134023 -2582.3552577
7821.7643446 1813.6733910
-1727.6628360 9673.7629485
7470.1182422 8979.7882685
-4914.3043158 -481.6318467
7452.3662697 5888.7097098
2969.3578090 -5073.3431401
-7840.8254903 -3244.8060915
-1287.1749448 -2636.0629627
3420.8153584 -6473.8722881
7113.5801815 -466.3522637
8058.1114876 -560.5330581
3402.4004732 5652.6835901
148.4116747 -943.9597649
1721.1340222 9785.4680989
1711.0482402 -6170.6810721
5948.8577085 2795.0623781
