1587.0545946 -7710.3356860
941.8222818 3126.5488201
-8802.9765350 1835.1523658
306.7682104 119.3975694
-762.5799208 5958.7997633
-6169.6180386 -5553.7916008
2570.5824951 -1193.1379997
583.5133563 833.7175146
-178.6873195 -9848.4339170
8761.6006856 3702.8837345
6434.2572979 -7931.9538253
-9265.7068590 -5245.7344869
202.6783897 2529.3407477
-6730.1160979 -4177.6909704
-5073.0613773 -9510.8946318
5221.4823550 -6715.7209869
1050.6119452 8300.2560210
-3170.7520330 8633.7222155
-4787.0763170 -254.6324912
4067.3668641 -7490.5668597
-1945.2733868 -2855.3026593
4534.3669164 7794.4902722
-7641.5413794 -1951.1088977
-632.9072878 -2267.5016528
3966.9918993 -3100.8614268
4310.1894545 2854.9689171
-1434.8948446 -3054.9117544
5821.8931255 7846.6749389
3552.0863531 -2615.5786742
9198.7312293 6449.4457172
-4285.8579144 4548.6785151
-6912.5199881 -2636.6627593
-9356.1552857 1286.6505401
-7177.8237906 -5390.9745654
-74.2520254 4459.6285946
-5653.9252621 -6582.2220141
-2698.7098916 -4832.0453225
5137.1066330 3425.3297901
4047.8387906 1212.6524492
6113.9748617 -2126.5112355
8721.3109848 -5417.1742790
-9694.7791517 4481.4073019
7319.5427149 877.3473702
9888.7051622 7951.3328640
6334.9254966 5.2036181
-7988.5434846 -5448.0701611
6823.2856208 8739.1826982
-6946.7653269 -7443.0667022
2306.2568579 -9685.0360001
-3036.0662469 -4627.8484115
942.2460956 -702.6196664
-5139.6306533 -620.1813440
-5987.9042930 -967.3516264
-3115.7702303 9525.9132294
-6045.1062372 -4925.9768201
1305.0382280 -3644.2920082
2028.9354727 -8801.6487587
1704.6881771 6629.2995070
3816.1461991 -9531.5822509
-5051.4397974 -3184.5201868
-95.3391796 -8297.2521144
-7427.9318858 -9805.1831865
-575.8647235 7410.5365413
9946.6940073 3761.6338010
-1570.6812524 -1432.1075094
6744.0709749 -462.6207596
6710.0589468 -4130.8396924
9276.1069757 511.6023291
-361.4604311 -1378.5635325
-6188.8723670 4591.6801595
-4256.0522849 25.7416218
2975.8686971 -8330.8527897
7755.1266323 -804.4140993
-8579.4677101 3219.8003859
1223.5232843 325.8052435
-712.4696001 -3751.8585810
3484.3370818 -2585.7940976
7580.2055105 6939.7519238
-4786.9695282 4379.2989903
8320.3487446 -6034.8826193
-8968.5409090 6822.8135959
5886.7341844 7591.5906894
-4670.7830644 -973.7658586
-2315.1479944 -1391.9601560
-346.6014749 9270.6284712
5983.5747922 1664.9188844
-8771.3274702 -9932.5017329
7955.4039317 3856.3271672
989.7831333 -5488.7080257
-8636.5046046 8110.5488913
-5320.7161666 4944.7770622
-1390.9210708 9547.5720619
-4908.0612540 -3576.6565404
-474.6476752 788.5222061
-9975.8889081 2265.0800757
9114.1070270 8912.8234686
9085.9526903 653.1915535
-9290.2227552 7385.8044422
676.0381632 -6091.0185613
-7192.0129957 7713.0116677
7399.0310247 -2462.5231731
-665.2819042 7112.0234902
1718.9252055 9046.8038130
7405.2585483 2764.3230804
3017.6089990 6663.8249282
628.3952549 1632.2913381
-5967.2321362 -2556.0660539
-1593.0742455 -9360.5553464
-9952.6916492 -6072.9104451
6540.2999852 7777.3655142
-5800.7840718 6620.2175011
-2470.2626364 3838.3959703
-3731.6191542 -4576.3326464
-3881.9830040 1356.8973929
-4083.9646349 6641.8082571
-3954.4451584 -1937.4522636
-4843.9303558 -2529.3469167
86.0270434 2894.1556805
-8724.9760605 6663.1931507
-4452.7267615 -2774.9027340
8324.6243558 3945.0140569
-6010.5136878 3518.8171005
-7448.4452714 -2207.9867362
3909.3656177 8338.0001872
8639.1229480 955.7397382
6204.3724238 7329.5074307
-3653.6005980 -9215.9932965
2341.7993461 -4160.8424968
-9801.2022055 8359.3308464
-3146.1647003 926.3864976
-6779.5378633 8057.7221324
-5045.1624502 3880.3850380
6305.8396527 765.7093106
9493.5550105 2448.4219063
660.3483364 -1862.6852797
-7108.6047772 -9598.4220965
7167.2491950 -9648.2021595
-8145.9021510 -6829.9857753
-7005.0646240 8648.8442127
3871.7741537 -7633.0741742
7753.0376745 -2694.3048973
-9631.0467271 1851.0480191
4252.5534376 -191.0878791
3257.5173205 -7495.7799930
104.3728460 -170.0575979
3749.1352333 3868.7736071
-8680.3394301 -6453.1879882
-8123.4400676 -9225.5106247
-9050.8003358 -2387.1750355
8409.5146448 898.3899787
-2187.2317948 -4209.9729113
4386.5344104 7320.8337338
5136.3726250 -4298.0832212
-4666.7813502 -5001.0543785
-1097.1867683 -6377.3908420
-4715.7458981 -8468.6271040
3842.9244152 7913.2314391
1707.0741023 -6771.3456563
-4263.4014080 -4860.2137940
-7320.4065885 1062.0818025
4815.4096113 9839.7967955
-5960.4786281 708.7610713
6569.6296942 -1290.5457476
-2199.7895492 2322.8746139
7294.9509338 -8016.4209979
4299.7414292 -8986.3474833
8508.9066949 -9099.0395202
-6752.6963777 -3275.2856733
9878.4920311 -2129.9310928
7182.7202166 6102.8832054
3192.3691447 -6085.5803733
-4039.1549740 7562.0503464
-942.4780635 -5871.0750869
-368.3660065 -8112.3830644
6737.6834346 -8758.8967997
9599.5997263 5893.1979214
1709.1238282 -5600.6546405
-7315.1839644 -9045.2343544
6489.5631013 -3369.8367564
-1633.9731637 -3144.9255129
-9932.2564242 -5871.4225003
5253.9951268 7302.3990543
4863.5789568 -2511.9896086
-3345.2113539 2648.2479107
-3940.1862693 -1660.3330296
1257.3435945 -410.6466502
-8111.3453134 -7906.8955003
-4241.6849704 -8556.6129416
2081.9168856 4637.9013079
-6220.6220822 5304.1587908
4006.2188522 5626.6464403
6286.6124085 -9061.0736768
-5674.4819223 7140.3990437
-2148.2375932 -5906.2930532
-8742.0205836 2366.9464180
519.7810908 -713.6258244
-672.6774632 5032.0374047
-7188.1979738 431.1657049
-2428.6559326 -9307.3074536
-1167.7268589 -660.1535179
-7347.4288047 4577.7318319
-3161.1618431 -7378.7388224
6659.0521681 3419.4360215
2765.9267349 627.1854469
9660.7904225 3473.8228234
-9275.2909706 -3855.3590057
6685.5684704 3316.6374280
7482.4971932 -4849.6720158
-7716.4814480 7188.7805198
-2807.9371109 -6122.0266315
1391.7574780 7998.2214110
927.8210685 -7802.7192564
-4911.0503741 -5064.2054655
1283.9964432 2076.7022235
-1802.4202291 7859.2343976
3333.4986003 1981.3244107
2546.7189340 4162.6581304
1334.2850822 -5848.4581887
-9439.7308367 -3921.5614006
1886.3127219 -3701.2630414
3894.6695194 -4381.6701839
-6369.0294294 -6138.1334427
-8428.1179526 -1823.8921643
-8043.9997929 9526.4602066
5331.4742941 1763.0308371
5930.7292077 9854.8134325
5378.3229829 -7736.8712252
2661.5970003 -742.0337809
6684.2225416 -1970.5289768
6274.8866387 2543.9796506
9974.5854460 -9362.0975011
1639.4390508 -331.2136829
941.1005259 -1937.4008261
-851.0069933 4591.4202648
504.8556145 -6590.9306984
-4480.8153211 -5293.1527865
7565.1749033 -3689.3745546
-3837.4912733 -3663.2566088
-3933.7351979 8061.8639135
5127.7538153 -1020.8442537
-4562.2157136 -5343.0227095
-6552.5209217 -521.2014244
9832.5403309 -2293.4841952
6466.4088149 9448.5756428
5226.3544544 5702.9852558
8708.2533800 6698.2079441
-6939.9253578 3219.5528431
7996.5583540 -2625.3556213
5384.2013807 1235.4056983
5081.9808829 3544.3501829
-4159.8088562 3758.4370908
-4687.4864044 2401.2953219
-76.2605040 2438.4411987
-7175.4404545 -5128.2306952
4923.4666700 -1206.0814435
-5718.8698098 313.0432650
458.3349835 7014.5074166
-7525.8748236 6135.5339406
7414.6851876 6865.4178167
-3675.1079929 4064.1816281
9792.8161008 3229.5097451
3347.9574757 5649.9934686
-3085.3589866 -8572.7871808
-5876.9054549 -2711.2823312
-2159.1187830 -8254.9904127
8870.0436335 -111.9805543
5697.9550947 3669.7923536
-9831.4177188 5821.7023745
-6432.1709536 -5882.7514073
-1325.4068361 8987.1930550
3606.8844939 2289.7847837
4487.2009943 1564.2265042
-1236.4225285 -9580.3351094
-9244.9976813 1744.2443439
-7044.7994442 -7907.1533257
6065.8472067 -5675.7174990
-3765.4006045 -8690.3956231
-857.8180005 5759.8392707
452.7342725 -9720.6768499
-3530.0721725 -3776.1903278
8653.4186702 9897.8895333
7241.5358439 5444.5437743
6972.4309661 6604.4662810
3682.5469077 -7335.8282241
-3677.0570620 -9898.4025495
2902.6451792 -3815.3866370
-4275.6261721 2904.1739681
-1217.8454562 9371.5166470
4730.1897225 3992.6985560
9939.4039511 -3272.3845612
969.9069587 -8806.3192390
7088.7625766 4541.7002965
-7472.9635417 2467.2338836
-1644.7113204 2891.0573077
-7001.6242806 -2346.7097273
-3960.3102983 -5885.7765090
-5249.9460396 3658.7466956
3448.3002211 -2769.8702698
5548.0346782 4810.6974484
-3045.2629394 9598.8025466
2845.1102578 -7247.5148836
-1862.6264428 -262.0208152
-9131.9693635 8082.2654084
-2168.6240248 -5663.3199961
9513.0164874 -2545.0721829
656.6329156 1173.7246165
-8967.5172891 -8085.1226618
-8183.7377419 3337.3268279
-9813.5843721 -2852.3899153
6098.1153479 -9445.3162049
-8669.3003504 260.4181948
-5049.8556412 -616.2701324
-7827.1043393 -5391.1981376
1854.9214925 8360.0041789
4790.1224958 -5072.6232801
-8237.5764702 -847.0018841
-8993.3478797 -2394.7084773
7991.5592735 -2972.6045349
6425.4112759 -456.8673214
-6756.9127368 -3957.1462347
-6850.1329361 -3582.9806287
-3856.5929181 5372.6180506
-4662.4945461 -3720.8678636
1815.7523363 7334.2943633
-6284.7210615 -7913.4033026
921.1891368 -1925.0948177
-4156.7366495 -1349.2133828
2357.8225706 5795.3000821
-2124.4000820 -6165.3809423
842.9841107 -5801.8327806
-8301.1701386 3611.7110709
7168.3589033 3828.0950933
-7967.4104026 1439.0808309
-3978.8460190 -3576.6071384
-9375.3538803 -9543.5485236
3186.0544951 -1301.6044029
5447.8824738 3739.2275829
3993.2468406 6436.5830672
-3216.7599680 -3062.4580142
-847.9222403 -8512.7669288
7950.8832575 9347.1001671
7520.3790667 7579.9168016
9834.9064008 6788.4865911
9185.3467352 -1608.2122065
3627.2072449 3445.8767077
9999.0760902 -3978.0099084
-6032.2361855 4004.3686790
1857.8132889 2840.0838832
4953.0423032 -4687.4866344
8912.4469585 3071.2802544
4754.5465212 3882.6517860
-2457.8845609 -8159.6917010
7251.7526974 -1751.9711502
-3722.9140628 5805.1321763
-9773.3703943 -3959.5991017
-6520.3570487 6991.0790323
1253.8445607 -5482.0957647
-9562.5815472 508.5353909
9818.6336637 -2869.1174386
3668.9151502 -7854.3842811
-8621.5536847 4906.9253481
1747.7564629 -1437.1790319
9826.7577109 9953.6100007
7219.8098760 -1469.0032189
-5111.6712231 -8378.4240702
-9710.4468407 -217.5808623
-1302.7585024 -5587.3007435
9577.6863350 9492.6370264
-5718.6508460 -3534.1493998
-7487.4719171 -3955.5778466
6552.6581840 -5748.5262550
6917.7406167 -4006.4367800
-4095.8863151 -4199.7530499
8161.4698165 9117.1399498
7922.3718224 -5337.8580762
1705.2166813 7705.6885252
-5253.2386950 8831.0263134
-8657.7660002 -9760.7060423
-9553.1992794 -4590.8123845
6900.4003970 3378.1842222
4692.1722607 -3740.5771164
3727.1993433 6480.7220819
5527.0735992 2391.3663531
-5680.3126964 -5414.5445610
-8669.1681358 -9031.0794681
-6007.7804773 -4736.1851624
-4204.7097822 4996.2139828
2840.5653037 5893.6218778
9194.3434938 -1273.6343792
2975.9020772 -1000.1876160
-7172.7749553 -970.0638380
5623.1640521 5737.3675090
7315.9210646 9659.3912619
-3847.6565920 6008.5719713
-8054.6191153 4408.0990920
-5169.1664370 -5444.4471757
-2789.5988191 6163.7343507
7517.0089215 4017.4748472
-9842.4597139 2358.3063907
-4154.8217437 -1163.3335550
1688.4858595 -4419.0364657
5070.8483793 -2487.3273687
-1196.3658587 4306.0791858
-4869.7376927 4964.1874776
7518.5572918 -4856.1888978
5543.7531520 -3324.6407602
2156.9522923 -5545.1038223
-2740.3461698 3692.1136306
9564.4905322 -260.6508664
3100.4044119 713.9679893
5804.9823494 -6722.2269380
-7912.4245418 -1710.2407452
-4503.0583486 2764.3335227
5778.1816800 4880.1406552
-8345.8277496 320.4544064
5907.2981405 6425.5994677
-8991.1411523 2257.9675582
-7420.4244682 -8502.0857627
-582.5607935 -4413.9369396
7782.1591006 1692.0741669
-2961.6834996 3496.3114284
-6243.6457211 -9992.1421904
363.0490345 -577.1072551
-5480.5201313 6190.2740237
1784.5246449 7856.1986021
6769.8518131 2793.1664590
4702.7165202 6145.6863515
-7008.0941071 -7086.6659741
1733.0505037 6439.3728009
-2860.3727109 6401.7568172
2403.6481524 -1396.9287971
-2196.7897176 2641.0776360
8579.2107264 4441.8964810
-3825.6310778 862.8026739
9630.6688447 -1866.0963324
8215.0319115 7745.2576822
-3110.4782199 -9759.5275072
-7584.4172858 900.3374277
6683.1759257 3704.9693583
4554.3976250 -6104.1280880
2396.5084208 5977.3711380
4629.9656007 -1803.5241053
1703.9035466 4703.4533823
-9861.8725828 -7545.4603668
-9007.5220315 7440.1422721
-7062.1706036 487.7389513
9032.2333590 -4942.9326401
1401.9495930 -113.3070166
-5055.5390446 6794.3351576
3825.1456982 5992.2419900
-6144.0487337 -9053.5825049
7349.2584335 -6292.4145094
-2908.5110116 -5471.8824826
9094.8737033 4235.5521410
-7558.1866948 4552.1565507
321.6394563 -6734.4793128
4407.0076811 3687.6819768
-2816.1628710 1366.6266676
-7307.4290363 -1682.3318986
-1251.6051424 2360.2207870
5834.6960292 3371.0197009
4207.3084831 -837.4074174
-5375.7686699 1399.7520219
7793.6903334 8280.5097582
6985.8272183 9487.7662069
-1782.3854510 7090.2668725
4051.0497665 2887.6164477
4465.0638926 2355.1086620
1173.3290674 -3281.2717063
-9166.0799825 -5579.2889420
7531.3367697 4170.1178512
-9200.7803918 -984.5626946
4219.4552934 8125.1365133
-218.5038352 -4559.2526800
-8736.8957116 2420.0957414
2242.1902333 -978.7051378
9363.9675554 -5432.2387528
11.9866065 -3113.6415522
-797.5540484 -966.4526977
992.6816641 1569.5460704
3205.5077738 9851.2759848
-6145.6592743 4435.9050924
-8814.0108100 7551.5570594
-6640.2220037 -8357.8312445
6274.7786806 -3153.4385695
-5954.1638007 -6468.3368128
-1680.0423626 -9272.9090964
2403.3936620 -92.3238205
651.0043007 7680.2896171
1846.9921516 -4456.2560947
-7144.0655266 6085.0430193
-2752.3131385 4981.9228858
1188.8410835 2372.8575441
-1013.4176722 788.6365057
6278.0511989 4998.4935810
9731.7166775 -8091.5707626
-3101.9889544 -6622.1525892
9273.3522965 5599.2483488
-2829.0354122 6233.7125984
8051.4986507 6382.2041743
3808.3951706 -2785.4121741
6787.3411364 8405.4977726
5692.4936351 -7928.7728670
-3862.5668994 -5738.6167681
9415.5370616 -1060.8268527
-2740.0651323 -4767.9958563
7623.2627268 -2145.6168030
8930.2319510 8830.4373344
9386.5478953 5646.2577913
1694.4071268 3720.4924417
-8340.0653163 -1633.3154329
-7200.3501178 -3054.7861237
-8199.2124611 -5644.3003395
-7989.6707512 8885.9833527
-7525.0040982 -4136.7050768
5719.3665428 723.0457475
-9948.2414502 2795.0307499
-3412.7319014 -6927.2674347
4280.8915782 -5269.8182218
1037.9090503 -5031.3601835
-5114.8728809 -8529.2454504
3368.9490426 2720.1925451
-9596.3152321 -7675.9202677
-1755.0155334 -2828.5590587
5211.3393386 1506.3868916
2251.2527223 3385.2366441
-2635.0027859 -9216.2239446
5598.5765351 9809.2237457
-4803.4186738 7333.7058741
5169.3086825 2780.8596776
-5929.4928062 -351.7886570
9480.5322270 -5644.1387914
-7910.8671038 9783.7487332
-7396.3876318 2678.6717560
2797.2219032 3903.8560378
2568.5245835 -837.7672773
-2783.2804737 6260.9519760
5445.0377191 9475.6753348
7343.3806599 9217.4767124
-881.0473929 -7738.4783937
-7687.7028599 8572.2344478
-6057.0103834 5243.8022553
7428.2231821 -7074.7623602
1722.1451084 4730.8245956
-5601.5082751 3823.6995133
-2394.4315648 -7301.7277587
9237.7666187 -6155.1933328
826.4842774 2096.0660777
-3298.6947725 -9145.9133174
3503.6320696 -9485.3501254
-8041.9353956 -1812.7127913
-8764.1435532 -3959.3585991
-8277.7767459 -7914.5607848
-1720.2015109 -1977.8109941
-5266.8271419 1494.1293360
8599.9403898 -2312.4460571
1830.5828605 8941.8590443
-4437.5895703 793.7662055
-1134.8699670 41.2769192
5376.1966579 -901.5385850
-6344.4700210 -1986.0096999
-1586.7797925 6528.9981973
-1641.0966965 -2455.4948097
3107.7140095 5973.2110621
-5199.5298713 -5714.7710683
-5222.9688975 -3087.1954696
262.9029071 -7720.0422910
9146.7138489 -9175.8027458
-4583.6248413 6945.5714509
-6175.9067890 7317.1200837
1494.5853579 -3151.0386540
-6147.9357750 -2647.9904617
7377.9185742 -5505.7307603
-1012.6628231 -3174.3846497
-939.9565399 -9977.2468304
6507.6910733 1316.0395271
9819.8352662 4305.7362747
-5407.5821596 302.1817242
-9837.4446346 3874.6153306
-5193.7964332 7108.8171830
-1270.8022204 839.2225356
3966.4977092 -2027.2391153
9709.6352904 -6816.6355214
4770.6726126 9639.0512397
-1358.1083779 3374.5500783
6188.8448991 -7743.1918014
5024.7960561 1703.0386120
-7153.1380174 7007.7325181
4638.1996013 -9107.1270844
-4018.7510037 2830.9345401
-8699.0704405 9606.6086132
5125.1288505 -307.6427716
-103.3153276 8745.2855551
4039.2690818 9363.1189894
9694.3116756 757.1934662
-7370.7516766 3627.2641621
-3117.9079171 -5225.4358604
-9339.6098965 -8129.2920366
1805.8660574 -948.1369621
-7506.4269993 -535.4402015
3659.4779072 7360.2779633
-8109.2105655 -2513.9281840
5688.8683644 6683.0320106
4546.4540527 -5883.2110170
1841.3832794 -7174.7493762
-6220.1733140 841.1786440
9334.8331383 7569.0985705
-4080.8860490 2699.9018359
-3184.0448539 2080.6623919
4680.9620294 -1016.8108264
-3774.9549736 43.9853419
4532.1201806 -9151.6185124
1210.2263173 8724.0095807
-371.3978961 1145.0434207
-5008.7242758 -1747.0962058
-3063.1210268 4690.8282197
8392.9458310 3244.7037054
1391.2399565 -7692.1894148
-5965.1020724 5537.0710277
-1121.4135744 5613.8640682
-6446.1132862 7048.8914185
-2559.1955827 -5056.6357525
-9746.8516939 2253.1362210
6018.6698402 -1805.0263710
-5290.6164146 -2626.0540917
641.7553067 2965.7491951
-4262.7480700 -6650.8703869
-6978.8133965 -8823.5796188
5893.9875191 1774.1715876
3490.3037997 9338.6406162
-7810.9623594 -9347.5194715
-399.0482569 -6027.2915965
2585.1333479 -6521.2896061
7921.2078551 -4670.2078879
-8675.4996333 1349.5500805
-4768.7860619 -7656.2499091
-7153.5280352 7042.4541281
-6565.4423222 9020.0325848
-8808.4762370 6690.0424469
1664.4274331 -7822.5799645
169.1370817 -9145.1100940
-29.5185782 -3978.3140045
9109.7935671 4210.4532332
-747.2665690 -2210.9385283
6141.2060319 -9518.3107465
6023.7809378 -6951.1352106
-8211.9130974 3957.8785295
-1590.7524651 -6187.6288351
5472.0407558 -5493.4144601
-3848.0844797 -8791.8148200
-8820.5917963 -5632.0654258
-3275.9685670 -5628.3801945
6426.2842572 -2912.8238876
-358.0538289 -2829.0720139
-7738.7353737 -6817.9100451
-2049.0651636 8972.9801473
-5917.3192713 -3213.3820563
1964.8227623 6063.6087034
-4111.8942533 7762.7205595
7347.1929664 -2233.3861895
5036.3390630 -4446.5625618
2032.2680364 4283.8338271
2532.7988089 -1854.0617770
-3803.9014244 5021.3421974
-2532.4839913 -9062.7197137
-4812.0433119 -2038.1775951
-8762.5558368 253.5283780
-5063.2232339 -7807.3612751
-6128.3109483 7706.6996895
-5816.7026621 -3350.1746030
262.9849548 2468.1919959
9061.3348387 2734.0704059
19.4611712 6502.7413733
-1371.2583090 -9604.9578005
1417.0522312 5371.6677227
-1516.0993179 -5064.1633803
4785.8028390 -7145.2870871
2680.9875898 -5263.6156309
6892.8835998 7637.8000198
-2761.6920026 -1847.0551084
3359.4515832 -692.4057950
6304.4855090 1754.4412361
-6826.5286829 -621.9939463
1059.4504005 4222.9515068
-3257.4032100 4581.7412301
3282.3827863 3850.9935110
7845.2431987 -2666.3628195
-739.1540414 8978.6037257
-3892.3647838 -4714.5698051
5073.3886316 -1929.6980154
-6266.6219431 9343.7544323
9232.8801706 9257.8159364
-1777.3335432 -1536.2605987
-2534.1616546 -2126.3826088
5984.8692735 2343.8368420
-4169.5947455 -7384.8505718
-3917.1327984 -1278.3614294
-1433.7730977 1051.7098103
1029.2281399 7527.0065357
-9266.1689530 148.7188900
1147.2836428 6176.8181769
4775.9327914 2393.9484472
-5265.8483682 -8566.1357770
-5833.6374351 -5510.4516965
-2644.2281156 -9216.6612770
4376.0302477 8510.1200187
870.2257821 3719.4985305
7087.4482179 9615.8845303
8832.0570117 6610.8123602
-7707.8563519 1262.2370454
342.7280908 4626.3394699
-1448.3542126 -5996.6505452
-5018.9919503 1193.7828666
-528.5569487 -1572.1952786
-2986.7343747 6252.7933044
-6016.7198152 -1382.1058087
-8622.7851894 -5730.4831379
-9640.0266718 -4361.7055563
-5554.4598632 -7610.9565898
-7107.7218868 4499.3964382
5881.9885535 4307.8517259
-1758.9465538 6258.1193089
6129.7157408 -554.4831591
3964.8657638 -7947.6462467
9471.1268943 2192.2922979
-2656.1991472 60.3170066
4107.8367588 2135.1417771
8183.8245595 -7955.2917904
-3222.9216297 1761.5010678
-3458.5998936 3535.0267847
2073.4797007 -2298.7012607
-4602.8111803 -3484.3900655
9803.3698646 8303.3961907
-3272.8214744 -7368.9259087
8203.8709275 -8595.0923768
3576.6973808 6765.2373390
-3825.6261577 9952.3660257
-4800.4347556 7727.1088779
-8776.8782283 775.4867257
965.5382047 55.2444711
-40.7914055 -9665.5850724
6853.4886048 1092.0342886
1477.4286385 -7883.5758409
-9426.6040758 3436.5573811
-3866.4840053 -5784.7178282
4364.6111187 -528.6666467
161.0225297 -388.0703796
3719.1683965 9068.6155451
3009.3720207 -4444.0638365
-231.9750730 -925.8168337
-587.2205750 -5735.6454084
-1632.3078784 -5301.9627597
3542.7422919 9060.5007586
-7297.3793160 -5942.6784231
7481.5018224 6263.4326661
8859.0712157 7287.6673943
8407.0346191 -6609.0673111
1054.7127011 -4204.7693934
8968.5589067 3871.6898249
-8824.1057237 960.8696912
351.6726352 1246.4483205
-9004.8295770 -464.2078201
4554.5381155 -3809.2618951
-1077.3006986 -3540.2928685
-6776.5062376 -3018.7751211
3218.1561321 -1186.8260463
-7809.6862354 9147.7086672
6900.6518106 3519.8958839
-6113.6769746 4539.2199566
-2472.7363793 2375.8033145
-3581.3415818 8524.6699003
-5730.3642460 -2973.2066658
2607.5472103 -8521.1582912
-792.3023554 8841.0045521
7602.8743509 -7222.9374401
1749.5432445 -9015.5788696
-3037.1125329 -1961.8546194
-6101.3675374 713.9377752
5960.2139260 -1993.7271728
9931.0185324 -4521.0306357
-3331.7335401 -500.5261689
-397.0580344 4660.9724312
-7318.9530116 -3354.5910389
-4112.2866601 859.3713439
6074.8328549 -3011.0682602
8654.1299189 -3026.4023315
-594.4686305 -9989.9668233
-5250.5959524 1433.9663341
438.8731165 -5303.8700427
9029.6389027 -3530.7949221
-8470.4500989 -3712.5858740
-8066.0563945 -8713.0363388
-55.1993790 -381.5207217
-3094.7120988 8490.1514477
-330.2878881 -6083.5283689
6215.7436230 3783.5686791
3437.8824976 -5451.3615118
571.4912831 7917.9915347
7161.6739104 -4661.1750198
9785.7366410 -3337.3349881
1540.3811291 1237.9658883
-9647.5661892 3172.7690385
-4400.5388866 7945.0104104
7392.5815144 4834.1518364
8470.1136747 5047.3842513
-2440.3479801 -8488.3476997
339.6847039 9166.9800544
5071.6717664 -6929.6673329
-1757.9637358 -4102.3515891
-4178.1830161 8415.9275312
-6895.0169076 9653.5910515
9696.9388794 1939.8836351
3304.0890421 -5734.6707447
6841.0650364 -457.7536456
796.7604517 1877.8504008
-9930.9886263 1608.2800762
4451.8709860 -3035.8789499
1631.1430355 -2088.3110784
5679.0805123 -8590.4927426
-512.5479844 913.1257101
-4988.6848024 -5366.0429999
-3322.1714828 -7192.7298987
6721.9184206 -9863.8667562
7008.2442992 6478.9233526
-7033.0644630 8087.6866618
3046.9409093 9630.9653198
-7103.0991189 -4271.8399765
9265.9224977 7199.5693887
329.8386267 -1154.4905007
-1738.7574086 -6763.4806704
-1016.7120579 -9117.7785060
-9764.1719429 -4310.0530704
3180.0187803 8731.2519802
-2033.1390856 2829.5104693
-6070.0460984 -4483.2354376
-2866.8515421 1662.5625174
-8400.9410784 8149.9414833
-2689.5838243 5032.9182406
-9394.6818071 -4828.1951741
5445.0512207 2792.1527903
-8028.6978470 360.7620629
1817.8405097 -101.9565274
-1382.9341506 -2352.2554342
-872.9005784 1194.6357723
-9675.4403457 6526.2177594
5697.2176891 6019.1563356
7440.5879239 -2579.2815361
-3556.7504847 -7178.8964593
-4563.1779082 3168.2077141
9811.9974056 9837.0138350
423.0674591 1571.3424936
-5225.7721641 -4069.0278843
2541.2367896 -1056.0543661
-4100.9956947 -8209.5510117
4492.9370313 -8302.4926447
2763.4520745 -2593.1556571
-6367.0178725 -817.4043695
200.2994853 6438.0313573
981.8120757 5067.2832198
-8659.7822185 3871.9298372
9965.4410385 -8102.1882078
-7975.6967116 -4557.4274284
2502.0828460 1114.0032043
7969.7428425 2666.2190869
-8694.8884095 1581.1842954
-6311.6188823 -2615.0947547
380.8124743 -4211.1400332
6916.5126701 -908.7162207
9109.4180761 3661.7446065
-1894.9058795 -8102.3091189
-5210.3793528 9091.2584192
-9134.7111768 -1676.6310633
7779.1196288 -2215.3734157
903.1807228 4030.0806571
-762.8259989 1578.7528823
-7446.1465491 -3858.2218180
1899.1250921 1820.4612031
-8494.1031390 -263.5440256
8762.7508812 6284.3722014
8250.8145070 2907.7508111
-2671.4100355 -8061.6446394
5095.9984186 -3520.1456465
-9706.1106920 7340.3612404
-4582.2289045 -8218.4527382
-4814.5624364 7353.9636500
4062.9929406 -9137.1996683
4400.4391487 4050.2082973
8965.9862256 2486.9335573
-4574.9827063 -4434.2466821
-2426.9744874 -690.0433780
-1650.2509951 -6493.6862955
-1461.0088913 -6662.7021792
2810.5760178 -5649.1590166
6127.5707646 9422.4849575
5592.1356387 -720.8206676
7862.8136988 2725.0169913
7701.9338612 5509.8098331
-3087.2198886 -3974.1773531
7627.9659236 2904.1073936
-9324.2796926 1533.4816600
8996.7248624 -4554.2609334
6014.0500022 -3588.6817369
8672.7341461 -8557.8421789
-2525.2615212 -3485.0741540
-8554.6274363 4891.7374216
-7592.5299947 5751.3894822
4358.5166271 5042.7950696
4969.3827721 7576.0910617
-9825.7805687 5506.0129504
-432.9819827 3525.7253344
7111.6969438 -4378.3808901
-2429.3482174 -5430.3968247
-9863.7146593 2201.5520458
2930.6273258 -3912.7444772
8534.2966416 -3845.5249658
4954.9019381 -9781.8242602
4096.2347505 -6633.5099320
-6551.3216172 -2155.7664443
-5441.7755042 -346.0611799
-7166.1630062 -3022.6682039
-2616.0335651 4058.3541709
-8017.4129455 1043.3158285
-2358.9418010 -4910.0266055
3222.2513770 3165.6599396
4563.3275768 -4856.9119642
-6738.9854744 8007.9008198
9232.1076734 -6655.7106920
-3149.8283585 7063.3760543
-8783.2865144 -2095.9133122
-5900.6651610 4670.2811153
8053.9022790 -4730.5693740
-1206.7011611 -7986.0671176
-8249.4898713 9597.5719546
-9196.3052023 2495.7643201
5865.9359829 7759.4527052
-5406.1875064 -2091.0219968
8197.9697285 5579.4227187
-6938.2356387 -3507.5462827
-4750.7258875 4524.8530029
-4809.3443481 7171.9899113
5147.9571416 1768.2833579
9881.1185551 -1287.2589104
1898.6001403 5584.3697649
-9249.8742627 176.2182679
-2215.3363216 -6317.6629704
9723.6215055 5206.9346374
1356.4679144 4247.6813261
2926.2357390 -5398.9464156
-7179.4352712 -4907.4639047
-2741.7797503 -9217.2727740
-1475.5391682 -5206.3269056
-5365.9679377 6678.0566892
1095.8404252 9105.6862446
-6433.0795576 -55.1186898
-6329.1174431 3315.1017026
3006.6686625 1425.0749730
-8059.9503474 -4445.3919896
7047.6480065 4599.5162343
-8960.8309325 8770.3641354
3760.8577021 2805.3796375
-261.4828144 4246.3640655
3392.2964132 -4515.9832229
-7502.3354461 6456.2107569
9411.2397155 5540.4430338
9730.2134583 2364.3331701
9708.9422870 -7658.8096266
-4410.6805673 1445.9378371
5162.0253007 5099.1003880
-2044.5411791 8156.3783598
5976.5812743 6269.4267639
2798.7249172 1492.2627672
212.7442082 4763.2537177
-5725.5621417 -5567.8930657
-2867.6020452 -6962.1369324
4938.1784758 -7063.0242960
-8040.9992544 -8210.3553434
-5311.6071327 -8154.2658446
-2558.3641778 6254.9052624
2177.8409715 -171.6204532
-3953.2489638 6554.4605611
1335.2442604 9869.6018425
-4198.6655282 9994.7386221
9132.3644672 9889.1258473
-7735.9428217 -2928.3873699
-2289.4208620 2236.9052111
1607.8043844 6016.9425500
-5109.0805210 -5795.9188060
-8238.5856212 4848.6985071
-1261.8571993 5011.1603962
-6382.9823060 -4993.7323969
9012.9538869 -6516.9312987
383.2912168 -5942.1916178
-770.4842168 1952.3531148
-2093.3379870 -206.5401993
6179.3105586 4777.4388403
-1468.7180378 -7688.9022454
-4885.8350301 4261.9178402
-648.2165938 6378.9567476
5037.1036173 8046.5365727
-6337.8994920 3365.6654692
