-8127.8047303 -5557.9416718
8360.3038068 -7000.3633080
-2156.7918162 4102.6265481
6086.9152582 6217.0074689
-6470.7808063 -6813.2778741
6892.5787393 2948.3993477
-7729.9831256 9283.6012011
5756.6355789 3542.2551289
2026.1364242 1766.3863757
-5509.1031431 -6734.6940669
-5278.7573421 1375.7646379
1474.2850798 274.0441526
9080.6629438 -5942.9325023
1769.2377813 2190.0513143
9138.2782546 -1340.8075947
-4264.5697779 9854.9753399
9091.2548500 -8221.6633803
9380.7385788 1675.5437183
-5069.6792020 5575.8051115
604.7865068 5555.2676010
-1350.4749586 2915.5755797
1429.8844347 -5792.5428109
7263.3358165 -4221.2847951
3075.0834097 -7085.3322458
8258.5512430 1339.8420401
6780.7311388 6768.0515282
2309.6236112 -6440.6886987
-9752.5047122 262.9260892
-3435.2761969 2761.9221965
469.8379281 2764.6000966
-3131.5315466 -6534.6307602
6222.2027027 8301.4562556
-7137.1265476 -7398.8191681
9964.2742692 9473.4154678
-7485.3074882 -6676.5257596
-4275.7962155 -1741.4791431
-1546.3635875 3985.5636328
-4374.1303708 -5835.6173799
-8449.9537477 -6674.9000005
3547.5603017 -2956.8536041
-2385.1902632 -6677.5984765
-2225.2192797 -8829.6997063
992.7001789 -5469.6873900
4717.4892355 8922.1796471
-9479.0762013 2406.1778351
5701.8844631 -3861.3081201
-7917.3621121 3419.7646295
9625.4920423 -1533.7634814
-3303.4708511 -3827.1925753
-9080.8334996 8592.1450675
6963.6427325 -9621.7993223
2472.8381895 -5501.1980123
7325.3763058 -1105.7773034
4044.3797116 1970.9862735
1065.5622702 -5093.3672133
9637.1156205 -245.5826465
-5881.5150741 -3651.4709692
2369.0559777 3543.3005884
-9835.3189697 -5110.6176989
-5258.7445923 9703.6899137
-6832.3399980 -2301.4015908
-1910.2180841 1361.8788691
-418.5387684 -6260.1758750
-9405.3501640 -186.0202833
-2012.5049985 -7129.0031497
-2039.8813702 7804.8503730
3982.5871332 9271.5335479
-2623.2658503 112.6077869
4477.7326182 8813.1647242
-9215.6296192 6328.7751727
8302.4759800 1976.5617252
4485.9901872 6165.6639815
-7245.7479060 4205.1747305
3552.2955578 -7910.2459246
-8422.4416917 -7898.6867834
8090.3347885 -350.8723021
-702.6257484 4819.5451270
7248.8081288 7751.4122287
-7691.1779001 8450.8366504
5533.0342691 -7736.1164724
9510.7896001 2197.5313083
6726.0845282 -372.6039788
5722.3851413 1744.1496481
8779.6053801 9912.2189336
-7824.1632186 -2445.8039152
6902.4597327 -8267.5480187
4127.1458693 -6290.5899285
-1048.9503783 -9139.8636445
-6039.5534120 -2843.7614239
9250.7673276 -7626.0667582
-6288.8669414 -5837.9997557
-6985.2825439 9530.4784927
5056.8272269 3178.9248539
-7135.4729433 -1828.1293305
3594.8322753 3033.8017935
7236.5401101 6187.9439027
9630.6479223 -2077.2328260
306.8198904 -1037.2985689
7237.6028040 570.7527118
2348.6286896 -5941.5019207
-3140.0325794 -7138.0147563
9994.3954822 5527.5222016
6998.7066783 4295.0181304
-6957.2044355 4021.8104754
7562.9836602 2617.5631016
5378.9657811 -3920.4589907
7514.1377496 6059.1021400
3401.4539972 -7300.6781651
-3760.3626539 -2413.8429744
607.9417043 -9532.3956670
328.1570083 -2648.2909211
6304.6411652 1403.9284932
-8429.3263413 9161.2299380
-9742.8318444 -4216.3769204
-3554.6077698 -9654.3099969
7377.9540561 -5779.3256839
-3749.2916941 -8371.0576097
4345.1906248 1092.8733993
4029.5790543 -9956.4484218
3881.5955153 -7789.4323759
3137.4951600 9467.7676359
6332.3501340 -6085.2213656
4256.4715989 -529.8376883
-570.8464172 2196.9853731
-7512.3868369 1094.4513426
-5751.2505264 -7959.9583384
-5976.8211173 4251.5129364
1451.0309798 7824.0865981
7995.5191501 -7306.1362455
-4048.0245866 9463.6384707
8805.7968579 3901.2157951
6974.3562959 -9781.7564711
2876.6305383 -8243.2932710
1248.6053964 -1013.6000649
-2977.1633402 3629.9658206
-7043.3912150 -6400.6468809
-7007.6886212 8433.4609245
1289.1444184 9431.6233814
3693.9312955 822.3230446
8335.4627317 9890.6803371
-6489.0306779 -6612.3765705
8413.6326391 -7490.5370832
-200.7209473 1492.5554079
3904.7997406 -4711.3040470
-4361.9556590 5581.1333170
-6577.7288133 -2809.6403456
-1192.5295354 5039.9289802
-8404.6943611 -9670.0594142
2081.9292108 1302.2599242
-6238.2901062 5131.8822363
3973.0952799 4064.2389109
-2121.8753845 -5122.9853952
-9628.1260486 -5214.5720102
-696.3512337 -6994.7915017
-4905.6280141 -260.4512971
9015.2457437 -2120.4293074
4800.2154981 8193.8697152
4089.0280654 -6328.9280215
6459.3530102 -9954.2828134
-8800.5508876 2369.4842212
7880.0272824 -9104.3192537
-5820.6328991 9588.5511457
9623.8889154 -4236.9981958
-675.3378564 2830.7912050
-590.6008744 2932.6851724
-5482.6631220 -3562.5330395
-1973.5716759 -7985.1749753
-9650.0438401 -5779.8676551
-7509.6570805 -8396.4569115
7447.5756263 -2288.2947718
1953.4183090 4675.8363072
4541.4932249 -8998.1710904
-4409.6188499 2576.0181179
5057.7754446 8729.6327537
-8214.0570368 -1589.1324194
5859.5291037 1108.3556021
-936.0610066 884.3724120
9931.4625792 -1567.3537301
-6764.9063158 8532.1672623
-8391.1733824 7852.6150695
5448.6383741 -6853.3720345
-1216.3338044 -3506.3058483
36.6104721 1781.1936420
5660.1957934 -2596.4166002
1885.2294098 3063.1537444
-5661.3211872 -6972.9073581
-9063.0485902 -207.9193263
9280.6779246 3483.3777501
-3227.3426849 -3795.9432133
3110.3928059 8198.0676483
9636.9911612 -3910.8064572
2485.1370601 -258.3607783
-6539.3247274 293.4994907
1136.4353132 650.1169104
-4164.9950245 -4344.4671244
-1316.3826628 -8118.5164471
9582.4564824 -1952.8748863
4029.9040825 -3321.6315075
6185.2405283 -1901.6137082
-9953.1511033 -3657.0207691
-4668.5914600 -6472.7656498
-5103.8422060 -6852.4914280
-6107.8099346 3536.9641271
-5169.2441936 -6777.7199071
-1661.3210164 8507.3440334
-5950.0999499 -426.5296680
-7732.2490022 8750.5916954
-4237.9803591 -4363.2960600
-9325.7999064 4464.1187659
-2269.0711803 1058.7421313
4044.4145130 -8404.0171578
2577.8720630 5424.0323055
7768.8252557 -8897.7010581
8922.2126412 726.8227118
-6329.4289458 2883.0962576
-9506.9573772 -5510.5547305
9856.3951779 -7850.6307624
-1724.1348273 4598.8081572
8697.8338977 747.6824098
8304.4288902 8825.0635025
8494.6234066 7371.7708786
-7768.1100605 -2092.2914334
82.3512958 -2108.8048120
-5304.9123863 5780.4520135
-1179.7627106 7597.2974594
-8011.4714988 6376.0993722
2339.2814531 2328.0896332
-4237.4660833 -1804.0908991
6194.9096393 -3353.0470393
6805.0644683 428.2942032
-555.7357060 8214.7628629
9960.6747549 -1023.5603720
-9814.0345380 7112.1261076
3372.2603290 7194.6917353
8286.3905741 4560.3907338
-4160.2743949 558.3154266
5766.3127870 7810.6666773
-6290.8515831 -1336.1674139
629.8588357 -1638.1165046
88.0581383 -3768.3159285
-6536.2355408 -6193.3753772
-9090.5440929 -6681.5102257
-4426.8260288 -9665.0559990
8095.3402311 -8266.9981312
-3960.9847400 3419.4744968
361.1159634 4476.5975667
-6413.2857555 -7414.1308106
-6428.3589824 -4436.6557183
-8653.2816279 7920.6010220
-2171.8594363 -6983.8695448
2557.0228939 -3305.6714367
8385.2306612 -8832.2494216
2338.9898402 5802.0228922
5550.0378921 1985.0535937
-2438.0717399 -9020.3290509
7979.7625973 -4082.2069395
7699.9989830 9156.5639570
-9022.7666762 -8341.2807334
3333.1659862 1816.0069814
-9991.1002666 5576.8120518
2062.9625889 8231.1119396
-3492.9735209 1448.7760776
-7165.2940580 -2733.0683861
5905.7757022 -7485.7619925
3525.9545392 -918.1738482
-2949.4635644 3115.0799757
-2351.3897508 6848.6540189
2325.6122293 -302.1693689
-1157.5044154 -7985.9240606
-8607.6325530 5202.1663275
-509.4390970 -2365.5943045
-2825.4774004 -1809.4031899
3420.7373918 -6506.5225586
-4999.2098007 1522.1407424
-6833.9772529 -2597.9359127
-2429.2561205 -513.3540358
7376.2871992 -2132.6457878
-2916.8163950 -7189.6242632
-2300.4167120 -3995.9000706
-7250.0959194 -5279.6176672
-5758.0784569 -9716.6038006
3579.6926091 3717.4312231
1540.9399155 3564.3658186
-5524.4947479 -771.4225965
-8963.1042656 7404.2552016
-3760.4666304 721.6911090
1144.5013937 1062.2935749
3849.1177342 429.2330812
1626.9446966 2277.8334831
3010.4077019 -4956.6018862
-1444.9429043 -4389.8662658
5999.1005124 -3589.9247753
2853.5361763 -6774.4494279
9237.7737620 5868.4186924
-7250.7128665 -6422.3572177
-7693.6680440 -3083.1776904
-7312.3905845 9796.5272945
-6505.3137920 6796.7139576
4082.5366407 -7126.6933295
-4778.9989882 5006.2028361
8647.3484739 -7018.5381981
4390.6498209 -946.2308698
8898.0743883 -8589.9798777
5653.7914363 7935.3069308
-7149.5277538 3330.3547690
-5262.4311939 877.1200178
3901.3441709 -1490.5914145
3191.3645034 5490.0570713
-6667.4413077 3854.9406580
4171.7133941 598.9678957
2444.2728561 4921.8560579
-2881.6251413 9263.2716447
8349.6942472 -7708.3220034
1673.3651437 -9239.6469024
-1800.6618380 -4504.6688163
-4730.6396155 4458.3806928
7609.3212492 -5619.6270118
-1224.2603173 7270.7686742
3266.9715830 1027.9864817
2321.2324420 -4718.2753421
7910.4413727 1459.7224205
7352.8465062 -462.5392931
-7820.0143650 4727.5265015
1862.1608315 -3963.4155943
9994.4467245 756.2017551
9329.9695001 -2648.1564678
-2316.4081116 7576.3625400
-4657.2150846 -290.6161830
-1012.7584187 6017.4128254
140.8201570 -6556.8574418
8487.1078552 8776.5617363
-7814.9135347 4857.9937825
6569.8929063 -8605.2429162
8700.0514065 -1534.4623373
2941.7238881 -6243.7800588
8995.6293899 5929.9259970
-3266.9674315 3436.2025028
3737.0630180 -3008.2145044
4519.3779883 5010.3860060
-281.4037184 3268.8185054
-3571.4652683 -8982.4430225
-3160.4636284 -4425.0576877
-9657.2404236 -4614.0962691
-9947.4774642 3375.7889711
1120.2385373 1766.2354887
-8175.4398171 2034.9879161
3163.0820591 6666.6881464
-8596.6404026 -3146.5044885
2856.6319103 -9821.8805204
-6801.8547686 -8419.5309741
-2921.4662468 -5514.0600409
-6396.0226162 1130.0291781
-6023.2389324 -1020.3930422
1215.2534990 1488.9561884
8141.7893889 1380.4595902
-6383.7327254 6018.4158993
-1837.3262785 8864.4125033
6742.8750551 2694.0505704
4997.5067930 4433.5130990
4579.1472980 -5554.6017704
-6685.4129481 3099.0859069
7949.8781949 -3301.4759659
5719.6700314 6183.6296149
-7263.8948050 -2508.5895368
-3676.1217782 -5112.3394150
3640.2087937 5876.1714362
2271.3043011 -516.1950542
-1505.6844354 -5970.9474208
9648.8834645 -8087.6662714
-8951.7839393 5267.1592414
3887.5798151 1349.1149305
3452.2075670 4422.1234448
-1919.4377807 -1777.4826305
-5748.0516636 1779.2803566
9062.4413552 8182.5031414
1904.4663805 -7734.2153139
1269.9497273 7850.0072569
-9277.1114819 -3928.1669800
8697.5994741 1080.5871208
6879.6027477 8684.1233616
310.6953133 -1591.6794162
9512.5566145 -2013.7812829
9814.9005644 6417.4075303
1907.5366804 6354.4584798
3258.4338667 -2955.2055902
-4047.5285841 2483.9836612
-401.7291592 -4397.7177601
-4462.6070207 3888.0597894
-9371.8820100 -9741.5488227
7018.9764066 6421.5664458
-2978.9660519 -2841.2568618
-407.0099860 -666.9493353
-9481.2548338 2113.0615877
5519.7352534 4132.8668251
5275.3742499 1679.6678063
3983.8558085 -8964.6104880
7554.3327688 3122.5062281
-4609.2002438 9336.2916722
-2459.2219867 6657.4493983
-8657.6151683 4762.2679485
8840.4215832 3125.3464437
-5426.5441743 8059.0855858
-7609.1892406 6617.9433254
1766.6679999 -3893.9709421
-9973.8578993 -9162.0241351
1028.8365956 7616.6850945
739.0181645 3529.1967611
-1108.8567956 206.5298826
-9569.6608988 -9747.1995181
4491.9928700 -2174.0546705
-1764.2274820 1300.9428785
-1349.5231616 -3503.9884639
-7811.9289783 -390.8311810
7769.5941451 -2994.5366589
-9836.3389744 -7131.7926433
7012.5369945 -5201.9397680
7083.0314281 7382.5750007
-4078.7254569 -9682.9991255
3262.2454291 4957.6569427
3779.0571750 9063.6394013
904.1701353 -8967.1981798
-7530.9786038 -534.5358633
-1391.9105805 -729.0232180
-3871.1185316 6258.1226959
7219.1830362 -5887.0626045
-8411.7232514 -8350.1493670
-6752.4327956 -3888.4033584
-2207.9436076 -278.1641743
-2505.8749327 7495.2856650
7785.4083402 3724.7922704
-5394.3701237 6546.3651415
2562.2422528 8362.9714124
-4027.9116694 -7699.8266904
-8887.1416035 -7382.9974749
-2238.0421960 -3095.5123402
266.0210986 -3642.7607312
5594.3170573 2137.9812433
2250.5692311 2124.4170212
-3193.0428000 5769.4264607
7859.8294162 7891.9250603
1961.4073161 8727.6557584
985.5159760 6707.4471649
-5302.9353412 1339.0455931
384.7880152 9813.0090524
9521.7213447 7136.2186209
3908.4159506 9952.4489873
-4760.9926904 526.9868814
-3115.2291180 -1135.3197938
-6340.3938882 9093.2351569
-511.2038808 9058.0590474
-9290.0917145 1539.0537212
2749.5993088 2119.2768909
3364.0225930 4861.5987785
-7307.7000461 -5457.2221500
-1727.9115367 6579.7208485
9864.3918684 7708.6496533
7918.3940548 8294.0356355
-4618.1087917 -2753.3209889
1255.5468115 -2538.9308034
-9274.6513156 7843.7370852
-1057.5774842 -3889.5948042
-7985.2691467 -2695.6966207
3111.1608790 -529.8856189
-3638.9466783 4812.3909763
208.0009217 -8959.1963384
-1414.5284415 -8522.0308774
-7145.8204554 4222.3979450
546.0798955 -6599.6140410
-4523.8591227 215.2306542
-7627.2487267 5030.8374432
957.1210107 -809.1265560
-5526.9120765 8794.8626858
4499.8198734 1020.2030622
-8349.3023509 -255.7315369
-9347.0895416 1470.8424842
4804.3013066 4236.6300065
-2387.9641190 -7355.8820200
9702.1336918 -8080.6461440
-2228.5629564 1826.8681554
6484.2761513 1643.9148086
-725.8302803 -257.8979854
-5895.6639108 -3470.0055618
-6039.5328312 5738.6320221
8598.8858110 -9665.4495284
-8872.9959503 3247.2991602
4609.5193386 8067.5121413
-1127.3472386 1456.2996738
4412.9836685 -2862.2954904
963.4769762 -3367.4879439
1663.1312320 4283.3669817
-137.8468896 7771.1697208
-4806.4574632 8579.5916375
-4354.7663509 -9794.1140093
-1213.0060424 685.8002846
486.5052936 -5368.2383281
766.5255571 9590.9948221
-4456.1069748 -3435.1156278
294.5967894 7060.2076470
1958.1396198 -8187.6456151
-5216.4783896 -7773.4528528
-7152.2332393 -9574.1274305
-1376.9460556 8726.8278911
-1938.8878963 7124.5006060
9907.5311753 3274.9311923
3695.8677063 -8713.6255267
-2022.2952883 7758.6031979
5724.6489588 -7888.6664682
-5606.2625346 436.4545851
7660.3079535 6536.7941149
3381.1568454 2719.7696126
-6186.8935426 -9624.0464736
-4839.7098833 5895.0971268
6932.1238377 -1104.5536639
5949.9409857 6648.6146654
-6988.5398754 5247.4060911
4971.2830668 -4023.2462864
-5216.2523121 1892.0633020
9919.5245117 -4263.1407181
9717.9830832 -1035.8952442
5801.4687552 4948.9685677
168.6801633 5083.1374283
-4104.2371509 -5029.2617464
-2345.5489868 -4042.0635496
3927.8872105 6131.7144780
5217.5043747 -7221.3355420
-9421.5377548 -4607.9279175
-2150.6435020 8064.8078451
7370.6587421 -7245.0732283
-1965.0723980 5669.3906653
198.7235496 807.7889092
-4616.6945663 9413.9295295
-8654.6726956 9499.8780818
5698.7497284 7285.5862158
3044.2969959 6349.3221367
-6126.7318227 -7838.7324676
-4804.7227870 9646.0214877
634.9928257 -8783.7720221
1616.3926136 8974.5469227
-9599.5628327 -3567.5706082
-2961.3075556 -4498.6145163
-3108.8841163 -448.6258439
-6042.9096089 7000.5770552
3242.9685236 6046.0603003
2970.0836350 6368.3626437
-1339.6212305 -8653.1591560
-6026.8135519 -6085.0557150
4961.5538066 5002.2149074
863.8282459 -3724.7527733
-2993.0788106 6126.4549386
-5177.2714193 9224.4292431
-3911.3327137 -9572.6801759
-4017.0716328 4502.1753429
-2208.3819092 -3207.9345929
9671.3476337 6229.8236689
-6496.0309410 -5687.7066471
3226.8604873 -8935.8092536
6706.0530698 -9452.6987002
784.2008548 -8139.8751883
-6304.0582826 5714.1615787
-3835.0019539 -2478.2506101
-63.0426745 6526.6135282
1171.5381874 -123.8418159
6807.3478231 -7654.9369848
6045.7474261 -3241.8334767
5613.2166177 5035.2355218
-9445.3629702 -8859.7325313
9674.1338439 4801.5598702
-9951.8265460 -4802.9328301
3541.2289981 8303.6002460
5195.5038291 4319.4569380
-8643.2190316 2411.8860277
8139.2932870 9756.4905248
-8772.7350193 8526.8041713
-8494.0547132 5886.0811140
-4005.3189020 -9277.3188172
-2987.1868470 283.2855922
6327.0937447 -7882.7183347
1046.3544432 8092.3969620
-5838.4945808 2544.2656363
-3391.1510655 -3885.7176547
-1466.8475262 1075.2921194
-1579.5249976 7541.2747189
1689.1855097 551.2801403
-5185.2942573 -2894.3906543
-6763.8649830 -8637.3611852
1965.0894708 5200.3084324
-9620.1674328 7633.6856517
1166.4701500 71.6909819
9269.2841403 -2675.8973411
9044.8100380 -4825.6772393
-4446.9502012 -3057.1202311
-6957.4844708 -3202.3526921
-9831.1543347 -2881.8815593
4551.7755709 -6520.0702903
8255.7494765 -8723.7977935
818.0527033 -3451.5279291
-5798.3622095 8231.3258250
-1322.1159497 5912.0378338
227.4457576 6051.4947713
2183.1503237 5151.6158523
-3299.5210416 -5574.9811318
-5768.6557719 1755.5439069
6360.9661851 5462.9596540
697.0507463 3292.2993356
-7785.5184254 -7487.8936296
-7510.5106073 8696.8367913
7529.2431025 -7315.9997971
-9945.5883263 4977.4370234
1246.4614823 -9094.5663477
7555.5650189 2372.4903313
6176.5780783 -8800.1470626
586.8176257 7733.3248067
-5540.0675792 6627.5074068
-8672.4303130 7029.5430122
2860.5983276 3951.3212754
3275.1650523 -9886.0498107
3065.3230294 -4523.4667001
-526.8113622 -7737.7929409
-4527.9480607 9556.5507640
-3376.8506834 8955.3854859
-120.2854158 -8675.1318483
-3419.6021374 -6903.3431825
8825.3685883 860.0759641
3831.7385459 -6126.4779966
6691.2357801 2.4421095
6236.1776981 4404.7705430
-3310.5890102 3458.6023483
6322.9867992 2781.9933371
-6599.2105636 -5642.5179733
8656.3826842 -8922.8993651
-1987.8717471 -5729.6084345
-7545.9923524 530.6321906
8441.8144286 4877.7688906
1562.3823452 -5816.8545498
-4821.6003775 7824.2165193
9902.5990341 -975.8089559
-3382.1697734 2305.9584223
-2764.8433542 -3489.2318355
9693.0935467 2679.1316322
-6888.0210865 537.6988349
-981.4219198 -6339.5622521
3334.0444479 -770.8762410
4516.1281913 -471.6189619
-2906.0589148 -7114.3167970
-3268.5291462 7244.4715281
-5813.1662688 -1793.0330881
-3631.5579678 -894.1622513
-3182.8082742 2021.5346850
-3706.9195539 274.9347670
-5356.2791896 6538.0609871
-2056.1064804 -4288.5532507
7901.0051144 -5711.5247238
4352.7807377 -7638.3128288
5569.6560807 -5492.6206058
-3944.0896471 3987.9277953
230.6714563 -1077.1676123
-6277.9433850 -7845.6651071
-294.4534230 -5241.7225997
8857.0130068 -1048.9809999
-3354.3071908 -3531.4862185
4911.9189953 -5031.0433965
8902.4055666 5424.4243497
6419.9398797 -1336.6845084
7976.8892237 -4694.3489125
-9092.4437194 936.4947758
4730.8941414 -9423.1358999
1803.6180520 168.2870936
2322.2065080 -4296.5525675
-6347.9974349 8806.4941511
-6963.2443545 -7372.6966120
1706.9065260 4556.9815681
1335.9266843 -1262.4870147
-1593.8541901 -8828.8202605
6044.6363974 7339.4287417
-4316.8232152 -8847.5162281
-781.9824457 150.6875618
-7436.8638728 -9230.7714651
1866.4700712 5181.2221310
-508.3750925 -7885.3135079
-2768.8654886 -7250.4113510
-8446.5175673 5009.6317890
7284.7757854 -6027.9264377
4148.8219354 -8027.1083550
-3370.3322510 -3668.0003521
-5594.7806910 1416.1579446
-4090.1294591 -3025.3020720
1711.4772492 -3465.9280618
9151.5236084 838.2104810
9085.6271361 -8863.0080975
7352.5309107 -1060.8717827
491.9249876 -6666.2363996
-1418.0509445 -5283.4574755
-6119.0395586 -3809.1211046
-8761.1160878 -8043.6901577
-7286.1218391 8558.2362905
-444.3268590 5701.3971335
2611.9924415 1610.6880091
-344.2039463 -9655.4235214
8273.7135973 7958.6299985
-9930.8298168 -2111.1634635
-243.4315474 -8559.0127354
2588.7178855 -9084.9784796
-3398.1623753 -9274.7851164
-7727.7234787 9010.6114882
7511.4471068 -497.5157030
-7849.1572303 3031.3743310
430.7478124 -9597.1787774
-7917.5771646 -2814.0827397
-3628.0838566 -6090.4448062
-1505.7960090 -2771.5140927
7465.8905152 -344.7398144
-177.2988460 4126.9104007
1353.1598625 -7034.6535477
-6050.8823496 1721.8980903
-3401.9320186 3857.9435563
-2750.2684052 769.1738843
-186.5179007 -1834.1953824
-3306.6361520 6614.7386066
-8478.1905257 1947.3191198
-2651.0281668 6433.6406937
8245.1706516 -8524.2862634
-466.7980734 -2868.8356681
-8484.1914901 5518.4783967
1517.5249470 2976.8476454
-8558.1272328 4874.0248521
4456.0702832 7174.5740433
5609.1692260 -3732.0463381
495.5089727 6278.9697374
-2161.3112541 3294.1396423
-9836.7229484 578.2534564
-2370.6451600 1837.8776275
9501.9695272 -4702.8519779
-9732.8812446 1858.7859594
2407.0874094 -2092.4394673
-3329.4520604 -4069.9133491
7784.1078194 -5705.5996336
-2836.4743495 4907.6188859
6411.5041834 786.0238885
7499.1909848 5152.3314515
2497.3099473 -1347.4646530
1974.4479365 4021.1474757
7551.1307076 7026.6459363
2290.9481299 4781.2860721
5258.6835563 -599.5489787
-7542.6029606 -4698.7515467
-3488.2659614 -4221.9218535
-1698.0978986 -1222.2775240
-6930.1361997 702.5671277
-5274.2995940 379.2308363
-100.4369284 2405.9828319
8586.4768828 6717.3250610
1748.2990542 -9882.3057703
7712.8764403 9165.5570251
8485.6031085 -9931.1568524
1430.0649057 3853.0195214
8111.4264098 4510.9851996
-178.5460146 8532.8241588
-398.2183966 -8580.1882995
-4174.5981879 174.6667376
4400.9687850 -8237.0176209
-4324.8206173 7720.6732123
-7530.4401536 8407.3982004
9889.8193255 584.2637373
4819.3795886 -6391.9044793
-9178.5270308 -8094.0611289
-5407.7557127 -8268.2916933
9966.5499935 -7442.7881506
6765.5391822 9869.1607549
-5134.3825672 -4404.4761728
-3806.3977997 -7287.0996276
5128.1371053 -6604.9176680
-9858.8152639 -2657.3363390
4933.3862195 6066.4458176
3569.5248263 -3575.7551990
8815.7823267 -7802.5888594
-6851.0437338 -2280.8515630
-8545.0462024 4741.9156754
-672.0706879 2675.6819325
821.5643997 -6647.6824575
-841.2614082 -2061.6348685
-5031.9326708 672.1380759
-918.7935050 -4687.2763009
6730.4125101 7447.5080134
-1443.1978325 4230.9543320
8947.4065256 -5203.8662937
-4924.7484678 8899.2850444
4014.4001174 -5938.9918752
-8480.6614415 3764.7312591
-6342.0136946 9300.0138333
-5244.7825829 2733.7651273
-7290.6120039 -1596.3738517
-55.8424440 8764.7986714
-7257.9010303 6932.9436940
-9314.6309633 -7733.6109194
6046.0903328 3970.8573868
-2033.9289694 -8324.4232607
-663.7015292 1900.6956242
8834.6591405 6681.7632199
-6970.9548102 4988.2864502
1588.8026877 -7969.9362018
3688.2435434 -2649.9385616
-6977.1908390 4002.6112280
-6941.9770486 9497.8704973
288.3642348 -8908.1493439
74.2400799 -8477.1689805
3326.6544362 1330.8287753
6567.8941087 2844.0424311
88.1602528 -6982.6277812
2681.7596251 -3153.8920738
-5264.6255567 5710.3490231
-9165.8909332 18.3458382
7243.5122384 6838.3434047
4738.5540064 -4246.5488223
-5740.4579349 7126.1134775
-7518.5450285 -3883.1576428
-775.9762882 1460.7157345
-8557.9845657 -544.9491565
3679.3899895 -1495.0257534
7867.0771951 3583.3306189
699.4321198 4218.7230778
-5196.2972078 -737.9484156
9560.9911208 1541.9612745
-5479.8487938 362.1658250
4088.8888719 -3502.1123539
269.4040719 -3657.5334429
-989.4936278 3108.4222176
1974.5148317 8.4530720
-8298.9907502 -6741.7794102
5257.9777953 7950.6207957
157.1777312 405.9017436
7902.0638807 -6313.2256238
-455.8813047 5056.6766073
-231.8269825 4213.1749654
-7487.5688562 4801.0333816
-9421.3206509 8819.6478693
-774.5733777 -7186.2376340
-4476.1511294 531.3938812
-4215.5898703 -8637.8319786
-2323.7760495 5822.8886485
9038.9201776 -8724.2171327
-9011.9806193 6363.9628167
-2132.8207359 7113.0256112
6311.4510785 2632.4107973
-7035.8402056 -2922.9344347
3599.9578677 8936.1262831
-9095.7788400 4531.8063123
-314.7270655 2761.3724137
1546.2847994 6662.4540949
-9883.5321964 8881.7966254
-3426.4841728 439.7876399
8698.6230503 4846.9270384
-9227.9333298 -1034.2026111
-5080.2040763 -9963.7197040
8255.3169722 -167.6610076
2505.8004134 -4482.6787693
-9150.4095146 -2534.2373418
-9694.3926126 -1887.8024147
-3342.4692756 6627.7406618
1403.9668800 8863.2615068
-1605.3087234 -8587.7532759
2376.3087784 5657.1658718
7966.8660060 8115.4826281
-5242.9873458 5068.5612657
8397.4498656 3948.9810442
3569.0476647 -2995.0219720
-2914.4682956 -8443.1918768
3319.5105680 3253.1401919
4732.9438189 6968.7837922
-8313.0730252 -998.9744917
-33.5805812 -4609.9000770
7078.7938943 5612.4553595
8391.9560161 6801.8515179
-1392.6149120 -2216.7835287
-7601.1755932 3332.2469413
5744.7856556 -5756.8646914
7127.7207852 5275.2631342
-4962.5763211 -6797.9157190
-395.8645772 -2362.6665106
9741.9363548 -8607.2112988
9258.5443383 -4659.8279694
8572.6222193 -6295.9170673
-495.1416421 7625.7159580
-4158.4265540 -7963.4736289
-9911.5056355 1892.7936142
958.2041187 -8668.0449178
-8779.7196702 -4798.7112376
-8427.8169232 -9008.0257357
-7905.6863570 -9825.4095823
3497.1399120 4649.1226092
-5601.3265467 -7891.6646641
-6716.4668424 8671.6717687
9737.5368835 8522.6659461
-6327.0925526 9898.3490375
-6709.9906100 -7417.3463851
9664.0654958 -985.6759287
2167.7277953 -9710.6585802
6302.4061843 -2759.4906461
-8403.5988611 -4860.4289202
9105.6176872 -611.9255464
-1389.9342103 -2295.8685309
7918.1242046 -8948.7938267
9787.0771435 -9753.2068250
5294.0702190 3447.4579811
5573.9263125 -8707.3240564
-1575.5681903 1270.5921340
-6557.3506636 7923.9421376
4762.5686439 -4448.0204324
1814.6186912 -8139.7769486
-3309.8334412 4488.7249357
9731.1438488 -8966.3708925
-4791.8742990 -2508.2580776
-5579.6792411 -9181.7208626
-9721.4930241 1545.3238055
8956.1695132 9221.8079843
-5904.1031063 1597.5558133
-588.8463995 -283.9573996
5272.4334720 8052.3795103
-7927.7300682 -1190.8437727
7856.0217836 7440.8830561
-2256.4790910 -3960.6436007
-363.6925504 -5035.5151945
7229.8336362 7269.4476372
-1319.2889431 4909.3925744
-9502.1928943 1972.4544893
-4669.2091335 1999.9025859
9570.3099325 2124.4612923
-7252.8585843 -281.3984830
-8822.7448459 -2330.9338081
2573.8417507 4810.3427784
-1875.9266510 -4255.0357396
8965.2499377 2020.2072062
-6611.1549130 952.6526500
-5926.5145263 -4721.9453034
-6130.4461567 -9265.0813763
-5286.5826885 8994.7629145
-362.1780845 9230.0871202
5659.6047230 -9680.4237540
3342.6275594 -6068.4931315
-7435.3168392 8113.6634284
5116.6220141 8959.4192249
-5905.2654643 -1686.7780995
-7451.0154716 -8934.5119422
-4945.3007773 617.3200009
-7740.8402621 -7406.0502051
-7592.8889559 -649.3262250
4638.4931607 2288.0570102
3371.1684675 -4194.9440210
1897.4565724 -1169.7410467
-6089.0748038 3914.1151013
9307.2020302 -6660.8161989
969.2369908 1662.3630258
136.9007745 -7121.3615624
8839.5788545 7882.1662685
2440.5427801 8251.3269325
3828.7530118 4292.1814703
-6900.1059304 -5541.7418685
6265.1833867 -8049.3373003
-7672.7103664 -3338.3501111
9129.1604745 5996.0828505
-9541.1246155 -7553.1035022
8440.1730358 7363.4201199
4529.1654341 9859.6698836
4290.4910564 -1812.0528565
-781.3603268 9718.0924677
4915.4227004 9740.8009732
-7221.6391465 -5895.2570246
6710.0316595 4583.5740189
3360.1341949 -4268.2856722
1708.5356401 -8814.8797302
634.7208574 6162.2472172
2030.6702813 -6077.6138571
7723.0864396 -1989.7465763
-227.3451640 -2731.0535920
2671.5708055 6354.6934381
4685.7455676 1564.2248678
-2147.1095498 -7888.1453472
-718.7030985 -7691.8857885
8699.3726783 6814.5039140
-7905.9941044 9664.4552073
-9869.3046729 -5544.9432137
1128.5801535 -1462.2027549
-4505.3225863 -5684.7499268
-6604.1965413 7047.3166224
-1060.1425783 83.8042932
2412.6783544 9195.6650803
3855.8881321 -2113.4760822
-6245.6483605 -2112.1091097
9895.3044368 -6789.5971978
-2254.4680490 -6498.8235478
2154.5706321 1177.6932283
2706.0620496 -3943.3643171
3973.8764861 8760.6027888
1344.8721354 933.6178820
-3117.1969319 -7694.5273088
-2434.0320671 278.8962039
4983.6259177 8761.4038892
7222.3593618 -3087.9563318
-2371.7322913 -881.4509044
7391.2091553 736.1800010
-629.2306907 -4663.2937073
