6409.1603955 8090.7120027
-7293.0439664 3771.2941032
4993.1568079 3584.3432096
-6689.4839999 -2818.9655574
-8238.1434650 -4275.1069992
7216.5957999 -319.9415104
-2500.4591764 -5387.2098235
6625.1218408 5553.2036107
-7892.1356851 -7798.2312787
7287.1185879 6947.3574500
-7030.4370473 -8339.5700884
5635.1441610 5278.2353267
-2240.0707317 3329.4698280
9214.1745578 5020.1564995
-4401.2185517 -9729.8570592
5066.3527443 -9949.8638670
-5730.4993888 -5355.0006449
1289.6387464 -5951.5058462
899.1643775 -5000.6841680
9071.5331113 4065.0671957
4945.1541878 -3642.3232209
2270.0631833 9617.5858239
4751.9093970 6691.7937341
-4896.6857847 -7525.6005303
920.4638668 -7487.1264518
-7169.5605414 5837.3596495
-6778.2705549 -9589.9603101
2148.9686251 3666.7072008
-6825.8222506 -9957.5876131
8632.8108047 5723.3632643
2102.1705318 8474.4514889
9076.0489104 -380.6677913
-8252.6220147 3728.9527119
-9779.8880271 5079.6261254
1739.4786903 8264.9872801
-9707.5205004 2903.8736935
-3183.6322217 -1868.8256496
-5046.1046923 -470.5579054
-1451.0605067 -9903.3759539
2174.5561393 117.9470779
-1012.0293071 8441.3843841
9471.6626133 -3441.9171311
-3272.5343889 -4928.7247734
5269.3934600 -9039.7192541
2634.1665646 -1334.9679651
-9111.9636168 7845.0346315
5465.2157119 -2914.0374122
9220.9837797 -3590.1366339
6159.9852931 -8455.2233250
3859.8892487 -9360.7175716
1888.4638222 7380.0921915
-2926.2938804 7896.0855193
9665.6846343 1988.1379422
-7393.4754670 -9330.1034650
-2320.7068940 -3302.5894128
9236.6329896 -9817.2561131
8783.9685052 -3510.9038339
6137.5282686 6217.7700556
-9566.8221915 7772.6273074
-505.9474847 -6686.8386406
-2785.7629828 -3393.1970229
4811.1619444 9376.0215992
-6952.4287697 -1624.7753821
-3515.4015185 -1529.0315138
-3514.6716911 -556.0966527
-1318.2681039 -363.0598819
-7505.4499353 -9017.9732593
-4699.0960821 3996.3543090
3673.6750111 -2409.2946833
-3444.1658096 1239.9866973
3520.6009803 -8474.8732933
-9786.9860142 -7983.0343046
-9918.7865439 7011.0426057
-3698.8426102 9814.5896121
-2839.6365990 -8369.6091820
-2645.7544937 -2855.1619823
8297.6554382 4033.1742999
-311.6518642 1622.8915299
5572.3029724 2475.9692072
-716.8285343 -2712.8413261
1171.1960310 2971.9335618
6045.6242896 3436.6463722
2478.4810270 1310.7716930
2421.5543359 575.7804647
-2941.6339183 -8396.9842307
-4974.2791454 -8229.2774927
-4140.2249588 -7235.1601125
-8647.1992764 1040.6428236
-8167.0070123 -9593.2942412
9281.3105730 -632.1563161
-9967.5204710 1501.7046158
-8192.4093535 2302.8668274
4211.9482938 -2128.9300296
-5496.4297442 9741.9813026
-1915.0368654 -2927.3963493
5505.4058908 6597.5398798
8843.7946747 -8230.7588055
-9172.6271694 -4244.6916514
8391.3081241 7503.7357351
-3202.5590397 -6921.9842896
1672.3115666 8392.9807893
-9596.0091427 312.1454955
-4680.2931618 -5026.2379697
382.4133779 -2297.3988042
-2536.7406759 -4388.7240267
-5652.1787976 -1689.1399924
-4171.2110168 -1905.8424894
-1015.5670280 1858.5340594
-4935.1298994 -9396.8550149
4044.2470198 9643.8518254
3865.2295267 -4710.3829708
9676.6481559 1592.2309307
7628.5993494 -2518.9119175
2278.1381676 2897.5967379
8307.3521436 5346.3168138
8413.9301334 705.8355711
7747.0809429 -6756.0785768
9814.2922504 7117.4240875
5913.2392611 1622.7186302
6607.6131780 -3153.6839289
3285.1636489 1287.3561383
-5497.4720728 -8568.4302037
-8256.2439795 3320.0002792
-9702.6334954 -4141.7183956
6169.3793172 -3961.0173019
3189.2452791 9808.8900430
-4876.7416818 771.6516269
5285.4892899 -418.9651344
9282.4626727 4912.5682597
8357.5257337 -1969.2509253
-3869.1363907 3419.6492128
7258.3400630 -2131.9973412
7731.5932481 -6381.1036960
9020.7513171 7978.5364796
3734.7366933 -5140.7630677
3195.6563973 5079.7355180
-4482.6846543 954.2933717
8853.4399365 8428.6235634
532.6153732 -5960.0384809
-575.8116634 -2354.4443873
4925.5589272 -6069.8642425
-4576.2557674 -4849.9398407
8875.9147091 -9875.1581835
-2353.9484664 9169.8841455
3892.2513225 8897.7378548
575.8614717 -7087.3874717
7086.8590672 9024.9866904
62.4986817 3847.7942484
9803.5001309 3622.6560388
-6729.9648533 8666.0910971
293.8782645 -4006.8178558
2863.7557729 9273.9054898
594.3006292 6162.7291414
655.3289826 -5300.9031526
7316.9581815 -1463.7645461
-1455.9549414 7996.1982316
-2312.1062971 -1322.8918328
2567.1627517 -3369.0471855
-9473.3065786 9305.7794955
1827.8835385 1436.3605309
9187.6807775 107.7268340
-6624.4193585 3451.4996715
5207.5168452 -7489.7149140
-4572.0277911 -4810.7223089
2587.8835800 -6941.4171236
-1185.8282932 -664.5151756
-8206.0534678 -7950.3336764
50.8192659 6966.9549156
1464.7590264 9123.5390922
-3768.5360272 6193.3073317
-5612.3476949 5193.6729805
6803.5952431 1795.3809705
8352.2328468 9543.6786358
-5221.1530693 2877.7004426
-6467.4912394 -4651.0158952
-8451.5840262 8321.8535794
-3103.3111429 -4708.4433789
-5543.5841774 -1573.4735212
1647.9272814 1280.7824730
6492.8936659 6474.2693418
-9434.4541895 2844.4482769
6922.6533723 -3295.4223110
-2772.5145099 7292.4084023
9844.1322651 5139.7568673
6753.3455950 -6618.7396434
-4699.0482890 7943.9830399
4271.6448301 5216.9771417
-8737.7096593 -7811.9843812
5954.0638647 -4620.1013929
9562.8025814 -3222.0889668
-6084.3175719 8772.1074967
7397.1163732 324.9467326
577.8942373 778.0712118
5461.4472008 -1970.2542134
8748.8676390 8321.6609111
-8620.5315875 1188.5477597
-3671.1408583 2088.7987728
780.9933685 1384.3071478
9242.0787657 -6768.6197657
-6274.2513081 -3034.9858627
6582.5021130 -4734.9977504
3209.7893565 5272.3214906
-1240.3765405 8849.6075119
7919.5632380 1726.3090559
170.0907608 -2015.5209990
-1031.3798290 5394.9495630
-573.3256522 -6980.1017458
-2673.4012997 5590.2891313
5386.0792853 6010.4933220
9024.9554886 -304.8740281
-2702.8698998 -1665.5992257
1117.3151900 -2116.0892792
1548.0100364 308.5356417
239.8223152 -4016.7341492
5574.3945430 9655.6816971
4567.8739988 6429.9978915
-6863.4691205 -5221.7786193
-7340.1673480 -3090.3273714
-4940.8215927 1445.4100542
8228.7822683 1713.9155374
8288.9872485 -6817.7291284
-8868.4820143 -1670.8814233
-4605.3464744 -971.2793417
-8409.7967083 6164.9538941
-7806.1905037 -7177.4245851
2551.0569461 4640.0550104
3426.9457689 -2032.4007141
-5586.6089752 -9340.9856016
2850.4141370 5325.0035582
-2575.3010387 5412.1524013
-4622.5210841 -3791.6838524
8919.0068810 -8099.9336889
2010.2181269 6405.6200875
660.6055908 9013.0574246
2847.9465407 -7536.7608444
-6028.5815602 -7442.7979588
8051.2362028 1677.6690453
-1666.6882817 4594.7675284
-2286.9712959 239.0157413
4621.9852230 -6689.5363001
-2330.4122481 -279.8618456
-9218.8482292 -3129.7758430
-3734.8932646 5915.6454546
-7677.2067539 -3126.3401891
-1380.1581847 -7339.7833567
-9318.0860655 -3281.9238019
-8270.0428010 9618.8830443
5606.4318694 4389.3006766
-171.1877521 671.4550170
-4488.9364550 1422.8637297
-2937.5792065 7370.6081848
-7990.0846800 -9255.2499711
-382.6402068 7501.1613058
-1530.8062324 6301.3499760
5672.6489427 8960.0832860
-4271.9403623 9058.8689863
-5872.4453304 -7804.9226367
-3615.8042418 -9050.5117757
7379.7412437 8445.2075476
-3376.4283818 -8102.8711415
-8979.6465194 7394.1622456
-6263.5203830 -6343.5747113
-6322.5391490 -1555.2043939
8107.7617254 -6778.6655119
-1738.2126962 2049.0038620
-3852.5281473 5508.7222104
-8957.7997562 -9879.9453462
5562.3107076 -1747.8813634
-8079.5698853 -4514.1813681
6982.7682768 4875.3704493
5977.4490727 -664.1316093
-4980.6044055 7683.9866133
1567.7134068 -428.3374860
-2389.6771504 -8745.7680289
5872.7163272 1541.9919610
2905.2738450 9662.3051414
-8446.8624828 -9606.0768339
8234.2806445 -3899.6945940
216.5377267 9120.7953456
6938.4869314 -6994.5316385
5026.7421556 3012.4204899
-1873.3376254 -5463.4545330
-1056.5721079 1000.8167116
8342.8560470 4838.7662342
-3048.6871073 -1896.5013424
-830.6225835 -8439.1071685
9588.7598992 -5910.7355355
-3181.7752231 -8226.0170046
2907.1682613 1264.7034942
8628.4427799 4165.7113882
422.4258659 -8331.2763730
-2183.8974266 -331.3855300
3453.8930113 -7624.5359902
-8356.4790736 -3371.8804533
-6760.4321469 7004.6293225
-962.8197645 -4852.1294623
5866.6322416 -3140.3147146
-2514.1656065 5111.7954874
3302.3520211 7556.5921681
593.0636950 -8339.1527123
7460.8175362 7728.1039051
4444.0309375 -5823.0999873
-5033.9775112 3303.5380141
-6439.3904180 7715.1345918
745.6491234 -4010.0096301
-8608.9614153 -4446.7142213
-550.1246850 3835.0825060
1753.9883308 2198.4899456
3554.5091713 9870.7292182
166.0784140 2333.0859849
9889.4969664 -7074.7466366
-2699.8572700 8841.0397421
-9720.3279364 -8876.8660318
-5101.5178638 6765.4125019
1317.1272339 1224.7282334
3734.8664130 -5288.2955033
6369.8408641 3014.7069382
1606.2134436 7163.6466647
-974.4751768 2361.7549915
-4357.5301679 2367.0640104
1661.1099239 1728.1914812
1592.2907374 -5236.7212878
-4765.8886960 -8086.4397889
-3463.5597941 991.7242840
4511.0362423 -4987.1626639
-7747.5078239 6698.3344137
2133.2897331 83.1771232
-770.7507547 -8736.5673756
2442.8765188 1670.1410875
-7710.5282776 -5805.1190054
2599.5084856 2926.0892120
-622.2161087 3094.7217138
5294.8548290 4979.6183808
-3974.7895783 -9698.8096966
7019.5489329 -2621.7975300
-5699.8838577 2765.2190511
6230.2887469 -1437.4094078
-6463.1284547 -9234.7460891
-4695.2857492 -9241.0092725
-7774.1342101 -320.8902320
-4962.0536389 -1075.4488664
-4836.5793966 -1754.6735067
6162.3371150 6582.4511845
-4199.2126813 -6296.1987141
3823.6470773 6264.2069076
1739.5733241 -2666.1530942
-5431.1494052 8754.3963424
-709.8234877 -525.0668263
-727.9648608 3871.6267044
9102.9727474 -2386.6316183
-4428.2053372 -1844.7192615
81.3824115 3098.6260544
7769.1971535 -6003.2461570
-5857.3600268 4277.8498166
-1915.5541010 9260.7719199
7822.1943927 -9199.3930879
9711.7867436 313.0463039
1884.4080069 80.3518171
-1292.6848415 -6717.9166588
3468.4830631 -5198.1528717
758.9874549 -5379.9157428
-2723.9978752 2861.0651493
1817.3630273 -7638.7801848
-2582.7365746 -8530.4172206
-5820.1492340 -6277.5095871
2626.7453887 4188.2080306
549.7165333 806.5235412
3809.3230423 -8866.0401799
8419.0282953 5817.2186551
5959.2695855 6020.2968242
-8063.6587111 -2421.3761395
-3029.2636733 903.9316384
4911.9586808 1056.6508333
4145.1243818 2008.6025362
-3020.1292239 -5662.3751977
-3250.7388336 1151.0426512
-7644.1681315 8934.2097742
-7886.9989540 8872.2994892
-1855.8516783 -2126.6858710
5782.6171785 -6776.0076615
1412.3902479 4398.2171988
-8177.1756955 -9953.5070551
-2898.6124350 -8960.3097830
-3950.8395062 -7180.7537625
8643.4516410 -9354.1128922
5599.5055968 9874.6008205
-7986.5546907 6642.6551414
3268.6553051 6506.9862183
-1060.7796613 -5907.2036571
4388.9200978 1913.4237255
-9095.2267981 9550.6409358
-8995.3438599 4035.4075889
3920.1478144 -5169.9135840
-4762.2518613 9602.2593756
-6406.7965447 -9295.8746331
-2163.8738104 4679.2035757
9247.3128506 -5873.4138132
6754.8920098 5346.5031305
7668.4938539 65.3689751
9962.6699324 -6653.5575802
6659.5964315 -7994.2319089
-3260.3224665 -3814.7435249
5458.3245470 7836.2704528
-2494.1006668 8775.5774183
2522.4486849 1530.4952422
6729.9657430 -2433.4240471
2269.1126793 -5198.6088447
698.1708046 -28.0021991
-9847.9694783 3069.0537222
-7835.1609145 -3305.6566567
-4332.7044143 -3366.7269394
8285.6889868 -8322.6066783
-1486.2637610 290.2035204
2580.2225993 -8316.5623907
2671.1826754 -6785.0166023
2194.1468380 8248.1338385
1872.8826533 -5822.3661325
-3683.8523851 -4729.2734096
7903.5502549 3546.6317959
-3576.1092854 -3808.6141598
-5744.0404346 -4065.6046205
-4997.0949134 2268.2257005
796.7224724 -9467.6899305
-9862.5264578 7148.8895454
1626.8974195 541.6556529
2168.6415188 8338.7661613
-6686.2516932 8363.8197180
1895.7101039 -1980.8291395
9034.5225040 4419.5283733
-2141.3188927 7126.0972672
-7935.7156921 5787.4492037
-168.9284510 -8703.1048136
-1952.7847534 9728.7419580
-4078.7086844 -61.4132789
1358.2746923 -6330.5677400
1309.6569424 -4505.5848176
2618.9026355 -2094.0568555
-4228.0708401 -3087.1375852
8761.9336540 -8491.6205436
-7459.2126908 816.8544157
9229.9569386 4747.0602822
-5105.4235930 -399.8426909
-1984.0576767 -4178.5561545
8880.0428922 -9964.0364945
-2261.2666187 -1660.2797560
-9238.7681717 2201.8577846
3432.1936664 4476.7505977
-1877.0054372 -2963.2519420
-5051.8923327 6035.7026158
-2064.4219356 -8199.5957541
-5850.3179827 7281.9941406
-8523.1276854 -8714.9065332
-6560.3456699 4851.7379055
9630.4430010 -8964.8789478
-5999.8380396 -2241.9405694
5333.7100273 3237.3507882
-7485.2591970 -791.9353914
-2844.3874195 -2198.8825957
-6010.2343955 9721.9348487
7547.2067623 -5291.0011183
1907.5322613 -9453.2746882
-2708.1341215 -5109.7115371
8002.4945554 -1025.7644398
5042.1546439 3796.9258793
-7190.7815045 1416.2104954
243.6238274 2035.6946717
1318.3182338 3673.2915690
289.2333921 -2679.6078815
-1405.6386065 699.6981428
9026.2958249 4817.3987639
-4865.5183250 -7056.8598313
-2783.9324874 -7655.7416440
-4087.4961648 4259.0529577
8805.1457807 -6458.7896724
7458.7254403 9474.7856393
-1775.6633775 6461.0484000
9893.9722924 4042.9214064
4354.2827756 -9814.0363318
-6296.6002901 9984.7820267
-8168.4848962 7138.1889098
-8594.2306838 -3359.1421137
2041.5345490 -9755.5344375
-2815.1575750 -6755.6898531
-7219.1229651 8387.7746326
-7849.8783576 -5947.3468083
8052.2807722 -5949.3480064
4407.7512948 -4723.6855245
3984.0861653 2399.6844034
-9329.4506665 -4611.7989105
5840.9604069 2094.2155941
-8873.4363677 3576.9599200
8672.9954902 6748.5352979
-2109.8676016 -190.7758283
693.4007576 5048.6241428
-8120.9217222 -5606.2183621
9087.2432148 -1144.1483266
-9872.3945734 -2324.8332386
-1118.7876694 2512.8252574
-9858.3956417 2650.8164241
-6581.8742259 -1617.6137814
4626.6431973 -695.1115205
925.0451151 -7402.7546380
6677.9217048 18.9950413
1042.0401369 -1922.6416859
-2745.5576096 6719.8928163
3989.3471168 -3301.7783009
6687.9287240 1369.9747134
-4243.6422363 -2499.0162267
1715.9517000 -8800.3098354
7758.9484936 568.4161959
5080.8405975 9112.7970100
-3202.9844350 -1779.8523031
-6823.3362353 5255.2861419
5374.5722219 4017.8098708
2039.7093981 -4126.5451797
-1065.3741634 -1736.2272701
-5726.5667558 1122.7924039
-1462.0422007 1492.3992128
-9722.5256103 9813.0766668
-5545.9055054 -8834.9884621
-6003.4319201 -6071.5980718
1527.7556703 5930.9652212
-125.1199614 -1273.3744739
4004.9084659 -6995.0347688
5208.2878771 -6726.1898993
2473.2106205 7440.3816389
7530.9354025 3952.3389208
4850.4019394 1302.6554658
7391.4108769 -8123.5378696
-5530.0307030 1581.7724605
5803.5007644 -3936.5196450
5153.8050735 6706.1784923
7125.1626811 9246.9187842
-5834.4881010 1876.8607588
6316.5697062 2460.0532912
3399.8247539 -2757.7559795
3041.8190153 -2654.3508903
5431.4661254 1723.1759152
-9467.2359545 -9391.0287046
8861.9614791 -1121.5320029
-5684.3292634 7880.1731558
-2893.2928402 -5277.8250262
8188.7737152 878.1763807
5284.9915073 -7490.6429666
-4241.4791641 5414.1904421
1782.1168619 -5249.3852161
-8872.3069114 -1671.5955110
3439.8508009 -4099.9707418
9480.0594110 -1258.4214177
4655.0729270 3470.9446344
-5321.1416268 -1130.9988645
7453.1772357 -9467.1340045
-6559.6709514 -6171.1649071
-2502.5167844 6198.9641969
-7857.2547640 -47.7406859
-2896.2046092 -2115.1957136
-1311.4121828 -1025.0287680
7741.6506933 9575.2731295
299.9860330 -9677.4657987
5198.8217556 -9014.3870091
6997.0575734 -9944.4323882
-9790.1025447 -4101.7332746
5968.2541940 4620.4973977
-199.1151480 5355.5667159
-9077.4558811 3274.0651657
-9594.6073096 5377.7048727
3701.2971078 -7887.1901123
5261.7184337 -1435.5471426
2204.5191256 -3688.8097455
7409.4216604 9333.2698002
9978.5876953 -3346.1606025
9031.6717861 4296.2973011
-8708.5024324 -5520.0409229
8348.1026259 -6674.1458554
3057.2675889 448.6072529
1815.1565065 527.0665413
-1117.9124948 -722.6511173
3128.8659844 -3935.3281391
-8183.3345840 9726.7544444
5631.7820160 8155.1902662
-1221.5644328 6570.5315099
3046.7978323 8724.2137094
1726.9705894 -3661.4756254
2020.7362598 -4378.5128544
-4837.2416941 2081.0786772
1194.8052464 7200.5665827
-6381.0716861 3852.0777205
-5386.1711753 8375.1986726
-1637.1504931 1710.4728597
9149.5034076 1175.8097734
-6301.6512352 1432.0669106
155.1572359 -9244.3924958
3376.9617531 -5023.6146007
-5439.1425777 1206.5037136
-7251.3346646 -1816.4172056
9594.5779759 -6110.6538941
2942.4256818 3718.9859014
5868.5276247 -6728.8686101
8541.4803225 6875.4741650
-9965.4311698 6514.8308841
5352.7976136 -907.1168914
8363.3796649 -3839.1555347
654.3623695 6436.9219914
-5953.5423015 -8955.9296825
-1548.8001696 -8724.2799406
-9133.0249895 9616.8640937
8003.3932580 -3588.9094173
-8369.3328667 3548.9176152
-6829.1021134 2103.0814270
7475.0194632 -6086.8932602
30.0099769 4771.6027208
-7036.9823428 -9544.1596527
-1995.2806365 3998.6208435
6613.5838561 -3496.8986481
4102.2129836 -386.0234167
-2059.3969381 2385.0180091
-1851.4830016 9252.2707439
3747.8196019 -7149.8613474
8990.7379950 9992.3719349
-8999.0505113 -4995.1300758
-9886.9181744 -9265.5231476
-8984.8574944 4647.9789428
572.2965456 -8243.0316151
259.8067046 5502.8228629
-9367.3109722 -4611.7584652
8227.6969391 -581.1600870
109.9619402 -5349.4044607
7870.4978387 -9327.1911525
-3191.6747586 5535.8356042
3301.0550322 3602.2892577
431.6069083 -3596.3690268
-6136.2721342 2321.8598445
-5739.9344322 9185.5474154
9282.1296408 5488.8286956
-4045.2343742 -9575.2936306
-8993.7484166 5589.3990539
-8129.8947099 -7854.5039155
1103.5227608 -809.5772568
-7616.9928516 -8345.3783497
-2457.8796378 -3474.6278562
-3051.8059956 2541.9157943
-5426.5465402 6944.7985480
3939.4340412 4235.6343476
1110.7960260 5902.3158442
-4670.3196591 -6079.0129210
7366.9949786 -7193.7143292
-1306.3624329 6949.8671027
-9281.0342666 -8016.0908069
-1569.2569674 2560.4011010
-8718.6898467 8691.2489646
688.3279531 5936.4866633
-5880.6347428 -2868.3342957
7131.3400005 -374.3452312
3759.0371223 7444.9458912
8275.0888380 -1914.0243941
1288.6888393 241.8216708
-5669.7809349 -3651.1414809
2084.9490975 3054.3488738
2917.3076205 5288.8227888
-1635.2777166 1904.2054292
4914.4756826 -8809.1565533
9715.0723152 -1359.5466868
3212.1349468 4402.7837443
2128.7171077 5719.4839891
7515.9954756 -8562.8921293
6001.5166921 8319.1478808
7006.0067685 2480.8504120
-7089.4048220 -617.0908048
7052.8725800 -3723.4427957
9790.3579421 5685.4741257
-8314.0264861 -9663.9182059
-4146.6986391 5136.1563108
-7168.8909220 -6720.1986276
8508.1830027 -5065.9912510
-4110.3008714 -4637.9368760
2361.9840367 5198.1855040
-7322.1815260 -7535.8416304
4455.0768526 -1115.0593953
1192.2602824 -6417.5734130
9661.9692632 8984.8735318
8915.4367650 6152.7431876
4618.0147079 -5867.6213605
1876.4570682 3738.3365184
-1962.9898033 7139.7288325
-9887.7368856 -7466.9670769
4160.0596210 -2075.9387262
-1955.0814535 -995.3907786
-2862.0016821 -2970.1071181
1230.1038706 5930.5918565
-2194.6352479 -3851.5047888
8691.7653509 -2348.3981945
9451.9316786 1593.6061749
-5283.8672031 -7321.6703503
5851.1193861 2180.9064062
3686.1041570 -4679.5739368
2486.2193854 -1950.9133876
1585.5124974 3106.6470773
3648.4550152 -5996.3466746
7055.4080582 -5297.0147258
3901.5499446 6241.9868186
-5350.3085926 -3307.2000633
-6865.5242951 5881.6938117
-8665.4131871 8814.3402881
-3879.2283088 -2141.7866197
-1807.8929092 9551.1594677
-5072.0786486 -9030.4433825
6543.6475977 -1219.3237212
-5368.5766608 5231.8082083
-1115.9986763 -611.7353458
-51.4790149 -7663.5419228
9579.3444983 222.8157417
1356.1313371 8789.4309649
9866.5572701 -7850.8226086
-9705.0130805 -3686.6384979
-456.5647684 -7717.8359390
1183.7303146 -6788.1244129
-1808.7101787 -5936.2416457
-997.0900897 -9466.9540943
5942.4565004 -7521.3344534
-8546.8527915 6957.6288710
-726.5581871 4196.2457923
-103.0266319 2371.5044927
7848.1471530 324.4086077
6259.1014621 -7762.5189328
-6043.6969598 5317.7475557
-260.6964282 5839.1042254
-3618.0180330 -9037.5029983
9966.0476835 9180.9632173
303.2486357 662.3893436
-9165.5530853 -2608.4655433
-859.5741309 325.7721093
6392.1526690 -7598.1728182
-8244.3799686 -4680.1677605
-4939.4859458 6530.3985560
-8381.6610338 9979.8197224
-7563.3124324 -6792.6155479
55.5812137 8666.7969551
-5181.1128350 -86.0758404
9468.0441366 5392.9858604
3995.9829146 3175.1546959
-2010.9007182 -9725.2671017
1989.4241294 9636.4464080
-5455.8789219 3956.7989293
-90.9591871 8379.0960885
8829.9781221 -4324.9159530
-2556.5091428 -7539.2715360
71.3569395 9045.6055178
9509.6957729 -3529.5989833
-8992.3280322 5990.5784112
1400.7853288 -5241.6290880
-926.5196076 -1575.4533138
6614.5295996 2627.6028783
-7149.1652369 1425.5556114
-6337.5334473 9421.9284169
-1624.4499288 8413.9795473
4425.2262284 -7740.5271282
-7729.0065741 4518.7390298
2240.2042308 -9764.7994582
540.9941279 5247.7999843
-404.3828611 5433.9080623
1929.6015611 -7200.7212006
-7230.8693628 -5518.3739220
7875.3708001 2352.1951116
-6920.6562536 -9490.2872959
-3243.1560092 -4609.0602086
-2092.0722313 -5470.8227598
6223.3229980 6860.9573636
-6790.0233566 1051.7255249
-2073.8244088 -464.3754825
-5131.6208969 1934.0829610
-2534.3228047 5215.3114035
9754.5396754 96.5172796
8876.3492265 3550.7218656
9374.8103885 -8603.4242846
-1134.1592701 -9929.3577723
-2426.4789355 9780.1347125
-9095.1442034 -9170.2067429
-4035.6914142 -4662.3481542
-5783.1016591 -1248.3895527
511.2342621 -5662.3958252
-3114.2345683 4447.5710605
3352.5841703 -1897.5576211
8792.7741540 7438.1812950
-1906.5368345 -5292.0478895
-5967.0029990 -5985.8086261
8571.7278520 -3682.6793512
3715.2977546 -8956.0543721
7111.9285573 -1227.9584804
4738.3103554 4029.7471543
2600.1596418 -8703.0175942
7086.7053552 -7161.9526532
4311.6361231 -201.8989062
8453.9700804 -6163.8338113
-1436.2953796 -47.7732147
944.8920069 -2615.0091464
7763.0012081 -9570.8285763
-5594.9998751 4508.6291262
9095.0582078 7888.0080758
2680.1546664 -5691.5679491
-1880.7636058 -864.2398089
-4928.4765114 -4897.5611721
-5449.8171392 4015.1857074
6741.4796883 4304.3064937
541.8781555 -3425.4397319
1093.5984530 -1149.3254542
7372.6648326 -8603.4370375
9070.7698739 -3162.8964301
-9062.9899251 -4099.4150802
6592.3125521 4117.4800189
7751.5557865 -8725.8094828
8846.4391537 -5581.0941348
-4452.0890278 1839.6180499
-4863.2896874 -2167.9942443
-2418.5952228 2703.3816994
-6406.5617816 5995.0610084
-7340.3186049 181.2924422
-5034.6173288 -4668.1109642
2537.9263134 -1170.5830988
-8847.4262411 8298.2398660
2352.7268540 -9599.5588243
3375.6910116 9249.3297517
-5546.1674827 1668.1051494
4104.0487596 -3772.2399840
769.2154648 -9237.9112809
106.6559501 -3731.8494588
-7328.3710539 2248.9339864
8304.3134221 -161.4432982
-3944.0463606 -4996.0500902
-9598.6287271 6537.9594424
3239.2146738 6566.4941071
4690.7605055 -9288.1921229
-1898.8774514 -5308.9437066
175.5769985 -6264.6565801
1105.8020236 2430.2753147
-119.4361716 -9936.6127543
-6471.4258055 -8285.8987662
1676.3145758 -861.4615787
-7063.7742028 9785.8411730
1738.4897151 -511.3907480
2755.7772063 -9873.8261003
5633.5442439 -3508.6030319
1147.8161121 6129.2330358
796.5806526 -4955.8436145
-1210.2081691 -7828.0081947
938.0886134 2089.8118486
-8889.9034315 -4129.4697077
6587.9619054 -9542.7268151
-4087.8414813 -1583.7911421
-5003.3718696 -345.4079774
-3451.9035042 -113.7774741
-3885.2205478 9763.4158372
8860.7473305 -6144.6751296
4814.4665967 -6808.0268072
-8060.6615983 -3007.2706945
2697.0619090 2427.0723003
-8350.3733216 9993.4046869
151.1303496 1740.9234581
-5849.6038414 -2560.5910102
478.9782922 -8574.0896731
2459.5516664 -8294.5405006
-813.0553730 4779.9422933
-2541.6410857 -6683.0240658
9539.3549072 -5285.8713315
-4593.0591375 2516.5774010
2045.7905103 5179.3999751
-8877.9791661 3758.6906829
-3494.9903106 -8962.3152364
5773.9913640 -2760.1823775
7453.1430843 8809.6448173
1448.3353815 9055.6662706
-8220.8936708 -8149.3232513
-3502.0346134 -7457.9196120
325.5214838 -7497.9838108
-3090.0076383 226.2248617
7922.3848621 1475.2712622
9928.9150032 -7687.4398790
2596.4999336 8388.1673363
8622.8769960 -2727.7074720
-7500.8885133 -5746.8234196
9255.1166670 -2680.9315064
3767.8804572 3452.8489655
-2791.3137322 4578.8242175
-9147.8388876 -231.4490805
479.2242020 3545.6948086
648.1723371 8866.1942054
-8099.4685539 -2988.2851373
-8887.5983964 4961.8019728
8890.5997484 -100.1296157
2672.8085687 1331.4468377
8817.2776345 5031.2810919
8793.9690114 1061.5359276
8181.5736181 -8210.2488063
2319.5363368 -9052.0731850
-9691.8455101 1231.3367965
-8784.4188916 534.3714295
-2172.0606364 3967.5627295
4084.6814612 -5145.0599448
-9913.5888734 6643.8655811
-2886.1568184 -2433.6646428
8967.2442797 -6604.1148670
7727.8268800 -6828.0212877
-9015.5497206 8592.5373329
6803.0721654 -1227.9473046
6323.3674087 533.2993253
-2757.6935040 -8799.3152594
-2394.7501192 2344.5977328
9614.4157651 -8044.0665267
7706.3624979 1834.9725565
-4066.6268998 -8980.6934020
-4394.1063765 -6999.7447157
-189.0726483 -5141.5762571
9922.6409074 -9316.6352619
3915.2851461 4963.9689393
7700.8241887 -7302.5962998
7969.3243280 1325.2785816
-8483.4914717 4243.9501150
-2460.9388909 -8748.9593637
8281.4918581 4562.0374889
808.8321756 7203.4213690
-7820.2537057 -8649.2991721
3200.7295367 5236.1637148
8407.8062070 -6881.0194619
9781.7487849 8514.8876693
-3038.0352611 -5060.3920377
-4056.3543275 4229.8282527
-2381.6013069 -6302.5770316
3475.9792209 2074.8833908
1443.6124879 8776.8637793
2916.4091025 5981.1972221
-1457.6791925 -9910.4618981
-1198.7730581 8379.0486099
-9879.1124651 5665.1430797
-3472.6007386 -7226.4767763
7247.0980545 -1768.3812641
-7272.1850751 6896.8629271
7425.6661110 -6237.4000834
9763.1777338 -6056.9390582
-790.4584380 -2841.0006942
4810.4978958 9459.6178562
1135.6892977 4759.2031125
1295.1528709 3697.4963199
-785.5128355 4646.5559132
-730.0794362 282.7083110
7372.9752951 188.5749736
-1095.9998324 -8018.5900377
-7249.3610828 5299.9831130
7576.8920382 -1665.8007172
-7135.7008369 -1691.8619840
3492.6800051 791.3396110
-4753.1000322 -445.5932271
-9895.4726474 7329.9667643
-7759.6802207 3822.2004133
-494.5338962 288.2146840
-6357.4192984 -1906.0814921
-5228.8477152 -6486.6807532
-9665.9674444 6282.8808827
-6920.6587425 -9432.7627020
7255.0145292 -2429.7838566
-4743.8702463 108.1163078
-8437.7654500 750.5874749
-4853.0990283 -9620.7268757
1259.4902975 -381.2033453
-6496.1056553 -1972.3479774
-9662.4219477 -3331.4910063
950.8022252 -270.7700375
-9000.2327836 -750.9254860
-5093.2315411 -786.8974099
2158.2790701 1705.3715269
-4556.2397186 -7441.7759948
8358.5815937 7240.2789641
6932.8849589 9306.1438362
-634.2758950 3155.5832819
-718.9960557 3283.0718370
-2018.9965327 -952.4148318
6339.9145525 5577.7671423
3010.9704746 -9437.4231816
9280.3585967 -241.5413961
9222.5928570 4730.8870209
-2912.8431584 2034.8668817
-1149.6964045 6217.6010795
-9107.9458671 2764.0318926
-9759.4776713 2200.3503182
1208.4700204 5138.6866217
3677.4054102 7779.7824288
1340.9928518 7867.6761774
4217.0633726 -8752.4889479
1910.8401459 1479.2473740
-8887.1018246 831.1349696
-8347.3376866 458.4563979
-657.6498535 2006.6219219
-4081.1709050 -4395.8103777
-259.3363537 969.9175973
1687.3564583 8427.4192580
-6526.5665409 7810.2026852
4272.8046525 -5050.3526306
2620.3633270 5478.2107195
-1970.8889769 7586.5778147
7988.4975556 884.8828335
-1152.0245758 -6654.1678704
-5587.2049082 3641.9100203
